400	0.043137	0.0004441
401	0.043137	0.00044328
402	0.043137	0.00044499
403	0.043138	0.00044962
404	0.043139	0.00045924
405	0.043143	0.00047712
406	0.043055	0.0005017
407	0.042968	0.00052709
408	0.042894	0.00055312
409	0.042808	0.00058035
410	0.04272	0.00060469
411	0.042658	0.00062284
412	0.042597	0.00064477
413	0.042524	0.00067134
414	0.042464	0.00069979
415	0.042405	0.00073095
416	0.042346	0.00076226
417	0.0423	0.0007913
418	0.04224	0.0008205
419	0.042194	0.00084626
420	0.042132	0.00086506
421	0.042095	0.00087396
422	0.042057	0.00088135
423	0.042006	0.00088754
424	0.041971	0.00090337
425	0.041935	0.00091886
426	0.041898	0.00092841
427	0.041858	0.00092729
428	0.041833	0.00093319
429	0.041796	0.00094056
430	0.041755	0.00093407
431	0.041727	0.00092316
432	0.041686	0.00091492
433	0.041659	0.00091231
434	0.04162	0.00091377
435	0.041595	0.00091618
436	0.041569	0.00091822
437	0.041545	0.00092617
438	0.04152	0.00093308
439	0.041497	0.00094509
440	0.041475	0.00096441
441	0.041445	0.0010043
442	0.041417	0.0010555
443	0.041402	0.0011039
444	0.041377	0.0011659
445	0.041356	0.0012408
446	0.041349	0.0013195
447	0.041343	0.0014034
448	0.041332	0.0015141
449	0.04134	0.0016458
450	0.041355	0.0018001
451	0.041377	0.0019767
452	0.041407	0.0021779
453	0.041442	0.0023869
454	0.041479	0.0025998
455	0.041519	0.0028157
456	0.041562	0.0030356
457	0.041623	0.0032649
458	0.041669	0.0034867
459	0.041727	0.0036973
460	0.04177	0.0038999
461	0.041813	0.0040999
462	0.041862	0.0042743
463	0.041895	0.0044408
464	0.041945	0.0046166
465	0.041986	0.0047994
466	0.042035	0.0049673
467	0.042082	0.0051283
468	0.042112	0.0052778
469	0.042154	0.0054223
470	0.042192	0.0055563
471	0.042221	0.0056666
472	0.042235	0.0057698
473	0.042259	0.0058661
474	0.042268	0.0059564
475	0.042286	0.0060359
476	0.042304	0.0061148
477	0.042333	0.0062217
478	0.042349	0.0063269
479	0.042377	0.0064312
480	0.042412	0.0065502
481	0.042464	0.0067113
482	0.042518	0.0069064
483	0.042594	0.0071222
484	0.042679	0.0073892
485	0.042798	0.0077002
486	0.04294	0.0080616
487	0.043096	0.0084815
488	0.043299	0.0089679
489	0.043527	0.0095303
490	0.043797	0.010144
491	0.044101	0.01082
492	0.044435	0.01157
493	0.044829	0.0124
494	0.045254	0.0133
495	0.045747	0.014285
496	0.046286	0.015366
497	0.046893	0.016547
498	0.047584	0.01783
499	0.048335	0.019217
500	0.049175	0.020726
501	0.050104	0.022354
502	0.051123	0.024096
503	0.052261	0.025966
504	0.053493	0.027972
505	0.054841	0.030115
506	0.056316	0.03241
507	0.057921	0.03485
508	0.05966	0.037439
509	0.061537	0.040177
510	0.063564	0.043075
511	0.065753	0.046144
512	0.068093	0.049391
513	0.070608	0.052792
514	0.073275	0.056363
515	0.076098	0.060055
516	0.079049	0.063884
517	0.08214	0.067809
518	0.085327	0.07183
519	0.088624	0.075909
520	0.091982	0.080046
521	0.095399	0.08421
522	0.098857	0.088384
523	0.10233	0.092507
524	0.10575	0.096567
525	0.10911	0.10053
526	0.11239	0.10438
527	0.11557	0.10809
528	0.11861	0.11163
529	0.12154	0.11501
530	0.12433	0.11824
531	0.12698	0.12129
532	0.12948	0.12417
533	0.1318	0.12689
534	0.13399	0.12941
535	0.13604	0.13177
536	0.13794	0.13397
537	0.1397	0.13604
538	0.14137	0.13798
539	0.14291	0.13981
540	0.14436	0.14151
541	0.14575	0.14313
542	0.14704	0.14469
543	0.1483	0.14617
544	0.14952	0.14764
545	0.15072	0.14907
546	0.1519	0.1505
547	0.15304	0.15186
548	0.15412	0.15318
549	0.15514	0.1544
550	0.15605	0.15554
551	0.15684	0.15655
552	0.1575	0.15738
553	0.15796	0.15804
554	0.15825	0.15847
555	0.1583	0.15869
556	0.15813	0.15867
557	0.15774	0.15841
558	0.15711	0.15788
559	0.15625	0.15712
560	0.15519	0.15612
561	0.15395	0.15494
562	0.15259	0.15361
563	0.15108	0.15212
564	0.14943	0.15048
565	0.14764	0.14868
566	0.14574	0.14674
567	0.14371	0.14466
568	0.14159	0.14243
569	0.13937	0.14013
570	0.13711	0.13777
571	0.13483	0.13537
572	0.13257	0.13299
573	0.13037	0.13063
574	0.12824	0.12837
575	0.1262	0.12621
576	0.12427	0.12415
577	0.12243	0.12221
578	0.12073	0.12036
579	0.1191	0.11864
580	0.11757	0.11701
581	0.1161	0.11546
582	0.11471	0.11398
583	0.11342	0.11258
584	0.11217	0.11127
585	0.111	0.11003
586	0.10992	0.10887
587	0.10889	0.10779
588	0.10794	0.10678
589	0.10704	0.10585
590	0.10625	0.10501
591	0.1055	0.10423
592	0.10482	0.10352
593	0.10421	0.10288
594	0.10364	0.10232
595	0.10313	0.10181
596	0.10265	0.10132
597	0.10216	0.10084
598	0.10169	0.10034
599	0.10121	0.09986
600	0.10069	0.099331
601	0.10011	0.098733
602	0.099481	0.098074
603	0.09881	0.097326
604	0.098043	0.096492
605	0.097201	0.095563
606	0.096291	0.094516
607	0.095284	0.093378
608	0.094228	0.092142
609	0.093097	0.090841
610	0.09196	0.089494
611	0.090816	0.088133
612	0.089636	0.086753
613	0.088441	0.085315
614	0.087244	0.083898
615	0.086105	0.082517
616	0.085005	0.081179
617	0.083944	0.079885
618	0.082939	0.078688
619	0.082049	0.077602
620	0.081258	0.076639
621	0.080537	0.075764
622	0.079917	0.075018
623	0.079379	0.074377
624	0.078912	0.073827
625	0.078529	0.073385
626	0.078205	0.07302
627	0.077967	0.072737
628	0.077751	0.072515
629	0.077567	0.072303
630	0.07735	0.072077
631	0.077112	0.071792
632	0.076793	0.07143
633	0.076373	0.070903
634	0.075828	0.070238
635	0.075149	0.069363
636	0.074331	0.068296
637	0.073336	0.066985
638	0.07223	0.065518
639	0.070984	0.063849
640	0.069665	0.062067
641	0.068265	0.060158
642	0.066826	0.058177
643	0.065372	0.056126
644	0.063927	0.054097
645	0.062503	0.052075
646	0.06115	0.050136
647	0.059906	0.048306
648	0.058745	0.046609
649	0.057751	0.045116
650	0.056846	0.043774
651	0.05608	0.042604
652	0.055363	0.041528
653	0.054691	0.040487
654	0.053998	0.039431
655	0.053262	0.038273
656	0.052461	0.037026
657	0.05156	0.035577
658	0.050586	0.034018
659	0.049523	0.032261
660	0.048416	0.030429
661	0.047249	0.028428
662	0.046113	0.026441
663	0.044994	0.024463
664	0.043957	0.022558
665	0.04299	0.020735
666	0.0421	0.01904
667	0.041371	0.017592
668	0.040718	0.016292
669	0.0402	0.01521
670	0.039737	0.014254
671	0.039394	0.013508
672	0.039098	0.012885
673	0.038884	0.012407
674	0.038697	0.012013
675	0.038589	0.011766
676	0.038496	0.011584
677	0.038493	0.011607
678	0.038539	0.011714
679	0.03872	0.012159
680	0.038984	0.012784
681	0.039537	0.01403
682	0.040262	0.015577
683	0.041384	0.017906
684	0.04283	0.020739
685	0.044864	0.024559
686	0.047385	0.029048
687	0.050584	0.034455
688	0.054486	0.040694
689	0.059244	0.047974
690	0.06484	0.056153
691	0.071305	0.065216
692	0.078673	0.075127
693	0.086947	0.085913
694	0.09603	0.097362
695	0.1057	0.10926
696	0.11601	0.12165
697	0.12674	0.13429
698	0.13787	0.14713
699	0.14908	0.1599
700	0.16041	0.17265
701	0.17162	0.18513
702	0.18269	0.19732
703	0.19345	0.20909
704	0.20393	0.22048
705	0.21405	0.2314
706	0.22384	0.24191
707	0.23327	0.252
708	0.24239	0.26177
709	0.25125	0.27117
710	0.25985	0.28028
711	0.26815	0.2891
712	0.27624	0.29763
713	0.2841	0.30596
714	0.29179	0.31403
715	0.29923	0.32188
716	0.30648	0.32954
717	0.31354	0.33691
718	0.32035	0.34409
719	0.32699	0.35101
720	0.33339	0.35775
721	0.33957	0.36425
722	0.34554	0.37053
723	0.35129	0.37657
724	0.3568	0.38237
725	0.36208	0.38793
726	0.36713	0.39325
727	0.37193	0.39831
728	0.37653	0.4031
729	0.38088	0.40769
730	0.38499	0.41204
731	0.38886	0.41614
732	0.39253	0.42004
733	0.39603	0.42368
734	0.39925	0.42712
735	0.40224	0.43032
736	0.40506	0.43334
737	0.40766	0.43614
738	0.41011	0.43871
739	0.41236	0.44116
740	0.41443	0.44341
741	0.41631	0.44547
742	0.41808	0.44735
743	0.41965	0.4491
744	0.42113	0.45068
745	0.42243	0.45215
746	0.42364	0.45346
747	0.42472	0.45463
748	0.42564	0.45571
749	0.4265	0.45667
750	0.42725	0.4575
751	0.42796	0.45837
752	0.42871	0.4592
753	0.42942	0.46007
754	0.43015	0.46089
755	0.43085	0.46175
756	0.43157	0.46256
757	0.43228	0.46335
758	0.43295	0.46418
759	0.43363	0.46495
760	0.4343	0.4657
761	0.43495	0.46644
762	0.43559	0.46716
763	0.4362	0.46786
764	0.43679	0.46854
765	0.43736	0.4692
766	0.4379	0.46982
767	0.43842	0.47042
768	0.43894	0.47095
769	0.43939	0.47149
770	0.43982	0.472
771	0.44024	0.47242
772	0.44059	0.47286
773	0.44093	0.47321
774	0.44121	0.47356
775	0.44147	0.47383
776	0.44169	0.47406
777	0.44187	0.47424
778	0.44197	0.47441
779	0.44205	0.47449
780	0.44208	0.47452
781	0.44208	0.47453
782	0.44208	0.47453
783	0.44209	0.47453
784	0.44209	0.47454
785	0.44209	0.47454
786	0.4421	0.47455
787	0.44214	0.47452
788	0.44215	0.47452
789	0.44218	0.47448
790	0.44219	0.47449
791	0.44219	0.4745
792	0.4422	0.47451
793	0.44224	0.47447
794	0.44224	0.47448
795	0.44225	0.47448
796	0.44225	0.47449
797	0.44229	0.47445
798	0.44229	0.47445
799	0.44233	0.47442
800	0.44234	0.47443
801	0.44234	0.47443
802	0.44237	0.47439
803	0.44238	0.47439
804	0.44241	0.47436
805	0.44241	0.47436
806	0.44241	0.47436
807	0.44242	0.47436
808	0.44242	0.47436
809	0.44242	0.47436
810	0.44242	0.47436
811	0.44242	0.47436
812	0.44241	0.47436
813	0.44241	0.47436
814	0.44241	0.47435
815	0.44241	0.47435
816	0.4424	0.47435
817	0.44239	0.47434
818	0.44239	0.47433
819	0.44238	0.47433
820	0.44238	0.47432
821	0.44236	0.47431
822	0.44235	0.47429
823	0.44234	0.47428
824	0.44233	0.47427
825	0.4423	0.47424
826	0.44226	0.4742
827	0.44224	0.47418
828	0.44225	0.47412
829	0.4422	0.47407
830	0.44217	0.47404
831	0.44215	0.47401
832	0.44211	0.47397
833	0.44207	0.47393
834	0.44205	0.47391
835	0.44204	0.4739
836	0.44202	0.47388
837	0.44201	0.47387
838	0.442	0.47386
839	0.44198	0.47385
840	0.44197	0.47384
841	0.44197	0.47383
842	0.44196	0.47382
843	0.44195	0.47381
844	0.44194	0.47381
845	0.44194	0.4738
846	0.44193	0.47379
847	0.44193	0.47379
848	0.44189	0.47382
849	0.44187	0.47381
850	0.44188	0.47381
851	0.44187	0.4738
852	0.44186	0.47379
853	0.44186	0.47379
854	0.44185	0.47379
855	0.44185	0.47378
856	0.44183	0.47376
857	0.44183	0.47376
858	0.4418	0.4738
859	0.44178	0.47379
860	0.44178	0.47378
861	0.44177	0.47378
862	0.44176	0.47377
863	0.44173	0.4738
864	0.44172	0.47379
865	0.44171	0.47378
866	0.44169	0.47377
867	0.44168	0.47376
868	0.44168	0.47375
869	0.44168	0.47375
870	0.44167	0.47374
871	0.44164	0.47372
872	0.44164	0.47371
873	0.4416	0.47374
874	0.44158	0.47372
875	0.44157	0.47371
876	0.44156	0.4737
877	0.44151	0.47372
878	0.4415	0.47371
879	0.44145	0.47374
880	0.44143	0.47371
881	0.44141	0.4737
882	0.4414	0.47369
883	0.44135	0.47371
884	0.44134	0.47369
885	0.44132	0.47368
886	0.44132	0.47367
887	0.4413	0.47366
888	0.44125	0.47368
889	0.44123	0.47366
890	0.44122	0.47365
891	0.4412	0.47363
892	0.44115	0.47365
893	0.44114	0.47364
894	0.44111	0.47368
895	0.44109	0.47366
896	0.44107	0.47364
897	0.44106	0.47363
898	0.44101	0.47366
899	0.44099	0.47363
900	0.44098	0.47362
901	0.44096	0.4736
902	0.4409	0.47362
903	0.44089	0.4736
904	0.44084	0.47363
905	0.44084	0.47362
906	0.44082	0.4736
907	0.44078	0.47357
908	0.44073	0.47358
909	0.44072	0.47357
910	0.4407	0.47356
911	0.44068	0.47353
912	0.4406	0.47353
913	0.44057	0.47349
914	0.44051	0.47351
915	0.4405	0.47349
916	0.44045	0.47345
917	0.44037	0.47337
918	0.44029	0.47335
919	0.44026	0.47332
920	0.44023	0.47329
921	0.44015	0.47321
922	0.44	0.47313
923	0.43991	0.47304
924	0.43982	0.47302
925	0.43974	0.47294
926	0.43966	0.47286
927	0.43957	0.47283
928	0.43944	0.4727
929	0.43919	0.47253
930	0.43906	0.47238
931	0.43893	0.47233
932	0.43881	0.47221
933	0.43866	0.47212
934	0.43856	0.47202
935	0.43838	0.47192
936	0.43814	0.47167
937	0.4379	0.4715
938	0.43776	0.47135
939	0.43762	0.47128
940	0.43739	0.47104
941	0.43701	0.47065
942	0.43675	0.47046
943	0.4366	0.47031
944	0.43636	0.47013
945	0.4361	0.46987
946	0.43584	0.4696
947	0.43559	0.46942
948	0.4354	0.46922
949	0.43495	0.46884
950	0.43423	0.46811
951	0.43377	0.46764
952	0.43343	0.46736
953	0.433	0.46692
954	0.4325	0.46648
955	0.43208	0.46604
956	0.4317	0.46566
957	0.43132	0.46534
958	0.43102	0.46503
959	0.43076	0.46484
960	0.43048	0.46455
961	0.43006	0.46419
962	0.42987	0.464
963	0.42978	0.46398
964	0.42971	0.46391
965	0.42958	0.46385
966	0.42947	0.46381
967	0.42941	0.46375
968	0.42934	0.46375
969	0.42931	0.46372
970	0.42924	0.46372
971	0.42918	0.46372
972	0.42914	0.46369
973	0.42907	0.46369
974	0.42902	0.46364
975	0.42897	0.46366
976	0.42895	0.46372
977	0.42896	0.46372
978	0.42895	0.46378
979	0.42899	0.46383
980	0.42901	0.46392
981	0.42903	0.46401
982	0.42904	0.4641
983	0.4291	0.46416
984	0.42913	0.46427
985	0.42918	0.46438
986	0.42923	0.46451
987	0.42932	0.46461
988	0.42939	0.46475
989	0.42947	0.46483
990	0.42954	0.46498
991	0.42964	0.46515
992	0.42973	0.46532
993	0.42983	0.46542
994	0.42989	0.46555
995	0.42998	0.46571
996	0.43008	0.46589
997	0.43017	0.46607
998	0.43029	0.46619
999	0.43038	0.46636
1000	0.43048	0.46653
1001	0.43059	0.46671
1002	0.4307	0.4669
1003	0.43082	0.46703
1004	0.43091	0.46719
1005	0.43102	0.46737
1006	0.43113	0.46756
1007	0.43125	0.46776
1008	0.43141	0.46792
1009	0.43153	0.46812
1010	0.43166	0.46832
1011	0.43178	0.46852
1012	0.4319	0.46872
1013	0.43201	0.46891
1014	0.43211	0.46909
1015	0.43222	0.46927
1016	0.43232	0.46945
1017	0.43242	0.46963
1018	0.43257	0.46977
1019	0.4327	0.46999
1020	0.43284	0.4702
1021	0.43296	0.47041
1022	0.43308	0.4706
1023	0.4332	0.4708
1024	0.43332	0.47099
1025	0.43342	0.47118
1026	0.43352	0.47135
1027	0.43364	0.47154
1028	0.43379	0.4717
1029	0.43392	0.47191
1030	0.43403	0.4721
1031	0.43409	0.47223
1032	0.43412	0.47234
1033	0.43418	0.47247
1034	0.43427	0.47264
1035	0.43438	0.47283
1036	0.43447	0.47299
1037	0.43455	0.47315
1038	0.43463	0.47331
1039	0.43472	0.47347
1040	0.43479	0.47362
1041	0.43485	0.47376
1042	0.43493	0.47391
1043	0.43499	0.47405
1044	0.43503	0.47417
1045	0.43506	0.47427
1046	0.4351	0.47439
1047	0.43517	0.47454
1048	0.4352	0.47472
1049	0.43524	0.47484
1050	0.43527	0.47494
1051	0.43531	0.47505
1052	0.43534	0.47517
1053	0.43538	0.47528
1054	0.43541	0.47539
1055	0.43543	0.47548
1056	0.43543	0.47556
1057	0.43543	0.47563
1058	0.43543	0.4757
1059	0.43543	0.47578
1060	0.43545	0.47588
1061	0.43547	0.47597
1062	0.43546	0.47604
1063	0.43541	0.47614
1064	0.43539	0.4762
1065	0.43538	0.47625
1066	0.43536	0.47631
1067	0.43535	0.47638
1068	0.4353	0.47648
1069	0.43528	0.47653
1070	0.43525	0.47657
1071	0.43522	0.47662
1072	0.43519	0.47667
1073	0.43516	0.47671
1074	0.43513	0.47675
1075	0.43508	0.47678
1076	0.43502	0.47679
1077	0.43496	0.47681
1078	0.43489	0.47688
1079	0.43486	0.47693
1080	0.43481	0.47696
1081	0.43475	0.47697
1082	0.43467	0.47696
1083	0.43454	0.47698
1084	0.43446	0.47697
1085	0.43439	0.47697
1086	0.43432	0.47698
1087	0.43425	0.47699
1088	0.43414	0.47702
1089	0.43405	0.477
1090	0.43394	0.47697
1091	0.43384	0.47694
1092	0.43376	0.47694
1093	0.43366	0.47698
1094	0.43358	0.47697
1095	0.43347	0.47694
1096	0.43334	0.47689
1097	0.43319	0.4768
1098	0.43302	0.47678
1099	0.43293	0.47676
1100	0.43285	0.47676
1101	0.43276	0.47674
1102	0.43263	0.47668
1103	0.43247	0.47667
1104	0.43237	0.47664
1105	0.43229	0.47663
1106	0.43218	0.4766
1107	0.43204	0.47653
1108	0.43187	0.4765
1109	0.43176	0.47647
1110	0.43167	0.47645
1111	0.43155	0.47641
1112	0.4314	0.47633
1113	0.43124	0.47631
1114	0.43118	0.47633
1115	0.43116	0.47639
1116	0.4311	0.4764
1117	0.43096	0.47633
1118	0.43076	0.47627
1119	0.43062	0.47621
1120	0.43049	0.47616
1121	0.43033	0.47607
1122	0.43012	0.47592
1123	0.42991	0.47578
1124	0.42976	0.47571
1125	0.42961	0.47563
1126	0.42938	0.47546
1127	0.42901	0.47516
1128	0.42859	0.47488
1129	0.42829	0.47464
1130	0.42799	0.4744
1131	0.42756	0.47404
1132	0.42694	0.47347
1133	0.42623	0.47281
1134	0.42559	0.47223
1135	0.42501	0.4717
1136	0.42446	0.4712
1137	0.42388	0.47068
1138	0.42315	0.47007
1139	0.4222	0.46917
1140	0.42099	0.46799
1141	0.41982	0.46684
1142	0.41895	0.46602
1143	0.41817	0.46536
1144	0.41723	0.46446
1145	0.41593	0.46318
1146	0.41463	0.4619
1147	0.41368	0.461
1148	0.41301	0.46037
1149	0.41241	0.45983
1150	0.41173	0.4592
1151	0.41097	0.45848
1152	0.41017	0.45772
1153	0.40936	0.45703
1154	0.40871	0.45643
1155	0.40824	0.45601
1156	0.40793	0.45577
1157	0.40769	0.4556
1158	0.40743	0.4554
1159	0.40717	0.45521
1160	0.40691	0.45501
1161	0.40663	0.45479
1162	0.4064	0.45462
1163	0.40625	0.45462
1164	0.40617	0.45462
1165	0.40612	0.45464
1166	0.40602	0.45461
1167	0.40592	0.45459
1168	0.40585	0.45459
1169	0.4058	0.45461
1170	0.40574	0.45463
1171	0.40558	0.45453
1172	0.40532	0.45434
1173	0.40509	0.45417
1174	0.40501	0.45417
1175	0.40503	0.45427
1176	0.40507	0.45438
1177	0.40502	0.45441
1178	0.40492	0.45438
1179	0.40482	0.45436
1180	0.40472	0.45433
1181	0.40465	0.45433
1182	0.40455	0.4543
1183	0.4044	0.4543
1184	0.40428	0.45425
1185	0.40416	0.4542
1186	0.40409	0.4542
1187	0.40401	0.4542
1188	0.40394	0.4542
1189	0.40384	0.45418
1190	0.40377	0.45417
1191	0.40367	0.45415
1192	0.4036	0.45415
1193	0.4035	0.45412
1194	0.40342	0.45412
1195	0.40333	0.4541
1196	0.40325	0.4541
1197	0.4032	0.45412
1198	0.40317	0.45417
1199	0.40323	0.45431
1200	0.40336	0.45452
1201	0.40347	0.45471
1202	0.40341	0.45472
1203	0.40329	0.45467
1204	0.4032	0.45466
1205	0.4032	0.45474
1206	0.40328	0.4549
1207	0.40335	0.45505
1208	0.40334	0.45511
1209	0.40328	0.45513
1210	0.40325	0.45517
1211	0.40329	0.4553
1212	0.40335	0.45543
1213	0.40337	0.45553
1214	0.4033	0.45554
1215	0.40322	0.45553
1216	0.40322	0.4556
1217	0.40329	0.45576
1218	0.40338	0.45601
1219	0.40348	0.45619
1220	0.40344	0.45622
1221	0.40336	0.45621
1222	0.4033	0.45623
1223	0.40327	0.45627
1224	0.40328	0.45637
1225	0.4033	0.45646
1226	0.40322	0.45646
1227	0.40315	0.45646
1228	0.40307	0.45646
1229	0.40304	0.45651
1230	0.40305	0.45659
1231	0.40306	0.45668
1232	0.40304	0.45674
1233	0.40299	0.45684
1234	0.40299	0.45692
1235	0.40301	0.45702
1236	0.403	0.45708
1237	0.40295	0.45712
1238	0.40287	0.4571
1239	0.40276	0.45706
1240	0.40269	0.45707
1241	0.40263	0.45709
1242	0.40261	0.45715
1243	0.40264	0.45725
1244	0.4026	0.45729
1245	0.4026	0.45737
1246	0.40255	0.45739
1247	0.40253	0.45745
1248	0.40247	0.45747
1249	0.40243	0.4575
1250	0.40239	0.45754
1251	0.4024	0.45762
1252	0.40236	0.45767
1253	0.40231	0.45777
1254	0.40223	0.45777
1255	0.40212	0.45773
1256	0.402	0.45768
1257	0.40188	0.45764
1258	0.4018	0.45762
1259	0.40172	0.45762
1260	0.4017	0.45768
1261	0.4017	0.45776
1262	0.40168	0.45781
1263	0.40159	0.4578
1264	0.4015	0.45778
1265	0.40139	0.45775
1266	0.4013	0.45773
1267	0.40121	0.45772
1268	0.4011	0.45775
1269	0.40102	0.45775
1270	0.40089	0.45769
1271	0.40072	0.4576
1272	0.40054	0.45748
1273	0.40031	0.45731
1274	0.40008	0.45715
1275	0.39987	0.45701
1276	0.3997	0.45692
1277	0.39956	0.45685
1278	0.39943	0.45679
1279	0.39926	0.45669
1280	0.39905	0.45654
1281	0.39879	0.45634
1282	0.39852	0.45615
1283	0.39819	0.45595
1284	0.39792	0.45575
1285	0.39768	0.45557
1286	0.39746	0.45542
1287	0.39729	0.45532
1288	0.39709	0.45519
1289	0.39687	0.45503
1290	0.39664	0.45487
1291	0.39636	0.45466
1292	0.39609	0.45444
1293	0.3958	0.45422
1294	0.39548	0.45397
1295	0.39516	0.4537
1296	0.39479	0.45339
1297	0.39441	0.45307
1298	0.39406	0.45278
1299	0.39375	0.45253
1300	0.39357	0.45242
1301	0.39306	0.45196
1302	0.39282	0.45178
1303	0.39249	0.45151
1304	0.39208	0.45116
1305	0.39171	0.45085
1306	0.39112	0.4503
1307	0.3907	0.44993
1308	0.39019	0.44947
1309	0.38972	0.44905
1310	0.38929	0.44868
1311	0.38885	0.44829
1312	0.38831	0.44779
1313	0.38762	0.44714
1314	0.387	0.44657
1315	0.38633	0.44594
1316	0.38573	0.44538
1317	0.38512	0.4448
1318	0.38438	0.44419
1319	0.38367	0.44351
1320	0.3827	0.44256
1321	0.38194	0.44183
1322	0.3811	0.44101
1323	0.38033	0.44028
1324	0.37966	0.43964
1325	0.37918	0.43921
1326	0.37839	0.43845
1327	0.37725	0.43731
1328	0.37609	0.43616
1329	0.37502	0.43509
1330	0.37431	0.43442
1331	0.37365	0.43379
1332	0.37288	0.43305
1333	0.37193	0.43212
1334	0.37061	0.4308
1335	0.36928	0.42945
1336	0.3681	0.42827
1337	0.36696	0.42713
1338	0.36597	0.42616
1339	0.36519	0.4254
1340	0.36453	0.42477
1341	0.3637	0.42396
1342	0.36268	0.42295
1343	0.36174	0.42203
1344	0.36051	0.42078
1345	0.35903	0.41928
1346	0.35749	0.41771
1347	0.35613	0.41633
1348	0.35494	0.41513
1349	0.3541	0.4143
1350	0.35294	0.41314
1351	0.35202	0.41224
1352	0.35086	0.41106
1353	0.34985	0.41006
1354	0.34877	0.40897
1355	0.34791	0.40813
1356	0.34679	0.407
1357	0.34596	0.40618
1358	0.34492	0.40514
1359	0.34447	0.40473
1360	0.3441	0.40441
1361	0.34344	0.40378
1362	0.34242	0.40276
1363	0.34113	0.40145
1364	0.34014	0.40045
1365	0.33911	0.39942
1366	0.33768	0.39796
1367	0.33676	0.39704
1368	0.33526	0.3955
1369	0.33367	0.39385
1370	0.33195	0.39206
1371	0.32968	0.38969
1372	0.32722	0.3871
1373	0.32512	0.38498
1374	0.32229	0.38199
1375	0.31906	0.37855
1376	0.31635	0.37568
1377	0.31305	0.37218
1378	0.30975	0.36865
1379	0.30608	0.36472
1380	0.30334	0.3618
1381	0.29896	0.35709
1382	0.29443	0.3522
1383	0.28925	0.34659
1384	0.28499	0.34197
1385	0.27909	0.33554
1386	0.27325	0.32916
1387	0.26743	0.32279
1388	0.26099	0.31577
1389	0.25619	0.31049
1390	0.24972	0.30332
1391	0.24383	0.29678
1392	0.23782	0.29009
1393	0.23217	0.28377
1394	0.22579	0.2766
1395	0.22128	0.27154
1396	0.2159	0.26545
1397	0.20988	0.25862
1398	0.2046	0.2526
1399	0.1995	0.24678
1400	0.19464	0.24119
1401	0.19	0.23584
1402	0.1851	0.23017
1403	0.18092	0.22538
1404	0.17716	0.22099
1405	0.17413	0.21746
1406	0.17053	0.21324
1407	0.16723	0.20935
1408	0.16407	0.20568
1409	0.16083	0.20184
1410	0.15792	0.19839
1411	0.15541	0.1954
1412	0.15295	0.19247
1413	0.15075	0.1899
1414	0.14862	0.18734
1415	0.14659	0.18491
1416	0.14471	0.18265
1417	0.14299	0.18058
1418	0.14126	0.17854
1419	0.13977	0.17674
1420	0.13839	0.17508
1421	0.13703	0.17345
1422	0.13573	0.17187
1423	0.1345	0.17043
1424	0.13338	0.16908
1425	0.13206	0.16747
1426	0.13106	0.16627
1427	0.13017	0.16519
1428	0.12936	0.16427
1429	0.1286	0.16335
1430	0.12779	0.16238
1431	0.12714	0.16161
1432	0.1264	0.16076
1433	0.12593	0.16021
1434	0.12525	0.15944
1435	0.12472	0.15882
1436	0.12426	0.15828
1437	0.12379	0.15772
1438	0.12335	0.15726
1439	0.12303	0.15689
1440	0.12271	0.15653
1441	0.1224	0.15618
1442	0.12217	0.15598
1443	0.12201	0.15583
1444	0.12185	0.15571
1445	0.12177	0.15565
1446	0.12164	0.15554
1447	0.12155	0.15547
1448	0.1215	0.1555
1449	0.1215	0.15554
1450	0.1215	0.1556
1451	0.12156	0.15573
1452	0.12158	0.15584
1453	0.12165	0.15598
1454	0.12173	0.15618
1455	0.12188	0.15642
1456	0.12205	0.15673
1457	0.12224	0.15702
1458	0.12253	0.1575
1459	0.12278	0.15786
1460	0.12298	0.15822
1461	0.12346	0.15889
1462	0.12387	0.15951
1463	0.12435	0.16017
1464	0.12503	0.16114
1465	0.12567	0.16201
1466	0.12629	0.1629
1467	0.12723	0.16415
1468	0.12799	0.16522
1469	0.12879	0.16629
1470	0.12982	0.1677
1471	0.13065	0.16881
1472	0.13147	0.16995
1473	0.13267	0.17153
1474	0.13352	0.1727
1475	0.13486	0.17445
1476	0.13588	0.17584
1477	0.13694	0.17723
1478	0.13813	0.17882
1479	0.13919	0.18022
1480	0.14055	0.18203
1481	0.14153	0.18335
1482	0.1427	0.18488
1483	0.14371	0.18625
1484	0.14501	0.18791
1485	0.14606	0.18934
1486	0.14708	0.19071
1487	0.14847	0.1925
1488	0.14961	0.19401
1489	0.15114	0.19597
1490	0.15221	0.19741
1491	0.15371	0.19937
1492	0.15492	0.20091
1493	0.15632	0.20274
1494	0.15752	0.20428
1495	0.15909	0.20632
1496	0.16041	0.20805
1497	0.16193	0.20997
1498	0.16334	0.21181
1499	0.1646	0.21341
1500	0.16616	0.21542
1501	0.16727	0.21689
1502	0.1688	0.2188
1503	0.17019	0.22061
1504	0.17173	0.22255
1505	0.17329	0.22454
1506	0.17445	0.22607
1507	0.17597	0.22797
1508	0.17703	0.22937
1509	0.1786	0.23132
1510	0.18014	0.23329
1511	0.18149	0.23503
1512	0.18303	0.23701
1513	0.18413	0.23839
1514	0.18567	0.24035
1515	0.18724	0.24236
1516	0.1884	0.24387
1517	0.18998	0.24582
1518	0.19143	0.24768
1519	0.1926	0.24913
1520	0.19398	0.2509
1521	0.19552	0.2528
1522	0.19662	0.25423
1523	0.19816	0.25613
1524	0.19971	0.25809
1525	0.20084	0.2595
1526	0.20226	0.2613
1527	0.20362	0.26298
1528	0.20472	0.26441
1529	0.20597	0.26595
1530	0.2072	0.26753
1531	0.20869	0.26942
1532	0.20972	0.27069
1533	0.21108	0.27243
1534	0.2124	0.27405
1535	0.21371	0.27573
1536	0.2147	0.27702
1537	0.21597	0.27864
1538	0.21711	0.28005
1539	0.2185	0.28181
1540	0.21959	0.28323
1541	0.22056	0.2845
1542	0.22184	0.28607
1543	0.22302	0.28758
1544	0.22434	0.28919
1545	0.22528	0.29042
1546	0.22625	0.2917
1547	0.22753	0.29326
1548	0.22862	0.29467
1549	0.22975	0.29606
1550	0.23077	0.29738
1551	0.23167	0.29857
1552	0.23254	0.29973
1553	0.23368	0.30112
1554	0.23458	0.30231
1555	0.23563	0.30367
1556	0.23664	0.30499
1557	0.23758	0.30615
1558	0.23819	0.307
1559	0.23901	0.30802
1560	0.23981	0.30909
1561	0.24063	0.31019
1562	0.24143	0.31119
1563	0.2423	0.31234
1564	0.243	0.31323
1565	0.24393	0.31444
1566	0.24458	0.31535
1567	0.24548	0.31646
1568	0.24614	0.31737
1569	0.24692	0.31835
1570	0.24768	0.31937
1571	0.24842	0.32037
1572	0.24918	0.3214
1573	0.24999	0.32241
1574	0.25079	0.32349
1575	0.25135	0.32427
1576	0.25224	0.32545
1577	0.25285	0.32623
1578	0.25349	0.32712
1579	0.25426	0.32809
1580	0.25484	0.3289
1581	0.25561	0.32995
1582	0.2564	0.33093
1583	0.25718	0.33198
1584	0.25776	0.33272
1585	0.25847	0.3337
1586	0.25917	0.33465
1587	0.2598	0.33545
1588	0.26026	0.33613
1589	0.261	0.33706
1590	0.26156	0.33786
1591	0.2623	0.33887
1592	0.26302	0.33977
1593	0.26386	0.34089
1594	0.26465	0.34187
1595	0.26532	0.3428
1596	0.26571	0.34341
1597	0.26634	0.34421
1598	0.26684	0.34494
1599	0.2675	0.34577
1600	0.26813	0.34666
1601	0.26868	0.34744
1602	0.26912	0.34803
1603	0.26985	0.34903
1604	0.27033	0.34965
1605	0.27098	0.35056
1606	0.27141	0.35121
1607	0.27187	0.35181
1608	0.27216	0.35231
1609	0.27269	0.353
1610	0.27298	0.35348
1611	0.27343	0.35417
1612	0.27387	0.35475
1613	0.27442	0.35554
1614	0.2748	0.35605
1615	0.27521	0.35669
1616	0.27554	0.35722
1617	0.27592	0.35774
1618	0.27618	0.3582
1619	0.27674	0.35892
1620	0.27695	0.35932
1621	0.27738	0.35997
1622	0.2778	0.36054
1623	0.27823	0.36119
1624	0.27873	0.36185
1625	0.27908	0.36241
1626	0.27928	0.3628
1627	0.27974	0.36341
1628	0.27986	0.36371
1629	0.28026	0.36425
1630	0.28047	0.36465
1631	0.28072	0.36511
1632	0.28074	0.36521
1633	0.28113	0.36582
1634	0.2814	0.36621
1635	0.28177	0.3668
1636	0.28181	0.36701
1637	0.2822	0.36753
1638	0.28229	0.36781
1639	0.28259	0.36823
1640	0.28255	0.36835
1641	0.28297	0.36892
1642	0.2831	0.36923
1643	0.28348	0.36974
1644	0.28361	0.37006
1645	0.28391	0.37048
1646	0.28402	0.37077
1647	0.28433	0.37122
1648	0.28429	0.37133
1649	0.28466	0.37184
1650	0.28462	0.37196
1651	0.28465	0.37216
1652	0.2845	0.37207
1653	0.28474	0.37252
1654	0.28437	0.37218
1655	0.28441	0.37238
1656	0.28421	0.37224
1657	0.28432	0.37253
1658	0.28395	0.37219
1659	0.28376	0.37213
1660	0.28357	0.372
1661	0.28343	0.372
1662	0.28307	0.37167
1663	0.28296	0.37171
1664	0.28262	0.3714
1665	0.28254	0.37147
1666	0.28214	0.37118
1667	0.28202	0.37111
1668	0.28164	0.37084
1669	0.28147	0.37073
1670	0.28146	0.37088
1671	0.2823	0.37195
1672	0.28183	0.37156
1673	0.28172	0.37152
1674	0.28139	0.37131
1675	0.28113	0.37109
1676	0.28064	0.37061
1677	0.28045	0.37055
1678	0.2801	0.37022
1679	0.27982	0.37007
1680	0.27932	0.36957
1681	0.2791	0.36941
1682	0.27853	0.36891
1683	0.27816	0.36856
1684	0.27781	0.36833
1685	0.27746	0.368
1686	0.27698	0.36752
1687	0.27661	0.36726
1688	0.27607	0.36671
1689	0.27578	0.36654
1690	0.27526	0.36602
1691	0.27501	0.36582
1692	0.27464	0.36555
1693	0.27438	0.36532
1694	0.27379	0.36481
1695	0.2734	0.36443
1696	0.27294	0.36398
1697	0.27257	0.36371
1698	0.27209	0.36324
1699	0.27152	0.36274
1700	0.271	0.36221
1701	0.27051	0.36173
1702	0.26993	0.36113
1703	0.26957	0.36088
1704	0.2691	0.3604
1705	0.26875	0.36008
1706	0.26817	0.35949
1707	0.26782	0.35924
1708	0.2672	0.35859
1709	0.26688	0.35838
1710	0.26635	0.35785
1711	0.26585	0.35734
1712	0.26539	0.35688
1713	0.26501	0.35659
1714	0.26453	0.35611
1715	0.26421	0.35582
1716	0.26377	0.35539
1717	0.26345	0.35509
1718	0.26285	0.35455
1719	0.26247	0.35419
1720	0.26188	0.35357
1721	0.26155	0.35326
1722	0.26109	0.35289
1723	0.26072	0.35253
1724	0.26032	0.35223
1725	0.25993	0.35185
1726	0.25945	0.35136
1727	0.25934	0.35131
1728	0.25899	0.35098
1729	0.2587	0.35072
1730	0.25838	0.35042
1731	0.25829	0.3504
1732	0.25803	0.35018
1733	0.25785	0.35013
1734	0.25749	0.34979
1735	0.2573	0.34964
1736	0.25727	0.34969
1737	0.25692	0.34936
1738	0.25656	0.34902
1739	0.25639	0.34889
1740	0.25596	0.34846
1741	0.25563	0.34815
1742	0.25527	0.34781
1743	0.25499	0.34765
1744	0.25444	0.34707
1745	0.2539	0.34651
1746	0.25339	0.34599
1747	0.25297	0.34556
1748	0.25239	0.34496
1749	0.25185	0.3444
1750	0.25133	0.34386
1751	0.2507	0.34319
1752	0.24997	0.3424
1753	0.24944	0.34185
1754	0.249	0.3414
1755	0.24843	0.3408
1756	0.24772	0.34003
1757	0.24707	0.33934
1758	0.24656	0.33881
1759	0.24606	0.3383
1760	0.24543	0.33762
1761	0.24488	0.33704
1762	0.24457	0.33674
1763	0.24415	0.33632
1764	0.2436	0.33575
1765	0.24318	0.33533
1766	0.24287	0.33503
1767	0.24261	0.3348
1768	0.24219	0.33437
1769	0.24192	0.33414
1770	0.24164	0.33388
1771	0.24156	0.33386
1772	0.24159	0.33397
1773	0.24117	0.33356
1774	0.24106	0.3335
1775	0.24083	0.33331
1776	0.24065	0.33317
1777	0.24073	0.33336
1778	0.24067	0.33336
1779	0.24046	0.33319
1780	0.24035	0.33314
1781	0.24016	0.33298
1782	0.23998	0.33285
1783	0.23972	0.33254
1784	0.23952	0.33238
1785	0.23912	0.33197
1786	0.2389	0.33179
1787	0.23861	0.33152
1788	0.23861	0.33152
1789	0.23854	0.33152
1790	0.23837	0.33139
1791	0.23844	0.33156
1792	0.23837	0.33156
1793	0.23832	0.33158
1794	0.23831	0.33165
1795	0.23835	0.33178
1796	0.23827	0.33177
1797	0.23838	0.33198
1798	0.23865	0.3323
1799	0.23873	0.33248
1800	0.23874	0.33258
1801	0.23901	0.33298
1802	0.23913	0.33322
1803	0.2393	0.33342
1804	0.23939	0.33361
1805	0.23958	0.33392
1806	0.2396	0.33403
1807	0.23969	0.33422
1808	0.23954	0.33404
1809	0.23949	0.33407
1810	0.23955	0.33421
1811	0.23936	0.33407
1812	0.23927	0.33404
1813	0.23932	0.3341
1814	0.23933	0.3342
1815	0.23945	0.33442
1816	0.23926	0.33428
1817	0.23929	0.33439
1818	0.23926	0.33436
1819	0.23921	0.33439
1820	0.23925	0.33451
1821	0.23923	0.33457
1822	0.23913	0.33453
1823	0.23919	0.33461
1824	0.239	0.33446
1825	0.23916	0.33473
1826	0.23908	0.33473
1827	0.23886	0.33454
1828	0.23856	0.33417
1829	0.23846	0.33413
1830	0.2382	0.3339
1831	0.23799	0.33373
1832	0.23735	0.33303
1833	0.23707	0.33269
1834	0.23672	0.33235
1835	0.23618	0.33178
1836	0.23586	0.33147
1837	0.23544	0.33103
1838	0.23486	0.33032
1839	0.23432	0.32975
1840	0.23364	0.32901
1841	0.23278	0.32804
1842	0.23196	0.32711
1843	0.23097	0.3259
1844	0.23004	0.32484
1845	0.22897	0.32361
1846	0.22792	0.3224
1847	0.22698	0.32124
1848	0.22546	0.31945
1849	0.22403	0.3177
1850	0.22241	0.31578
1851	0.22109	0.31422
1852	0.21866	0.3113
1853	0.21689	0.3091
1854	0.21495	0.30678
1855	0.21301	0.30445
1856	0.21085	0.30184
1857	0.20843	0.29881
1858	0.20567	0.29543
1859	0.20316	0.29227
1860	0.20004	0.28844
1861	0.19728	0.28502
1862	0.19249	0.27903
1863	0.18887	0.27442
1864	0.18502	0.26957
1865	0.18143	0.26504
1866	0.17712	0.25955
1867	0.17325	0.25453
1868	0.16867	0.24863
1869	0.1649	0.24369
1870	0.15818	0.2349
1871	0.15324	0.2284
1872	0.14828	0.22182
1873	0.1429	0.21454
1874	0.13777	0.20763
1875	0.13197	0.19971
1876	0.12683	0.19263
1877	0.11874	0.18124
1878	0.11291	0.17297
1879	0.10752	0.16518
1880	0.1021	0.15728
1881	0.096214	0.14858
1882	0.091244	0.14111
1883	0.083725	0.12952
1884	0.078597	0.12148
1885	0.073958	0.11407
1886	0.069552	0.1069
1887	0.065134	0.099507
1888	0.05994	0.090637
1889	0.056184	0.084022
1890	0.052942	0.078219
1891	0.049977	0.072791
1892	0.04714	0.067473
1893	0.043928	0.061241
1894	0.041688	0.056811
1895	0.039826	0.053045
1896	0.038156	0.049594
1897	0.036779	0.046659
1898	0.034871	0.042526
1899	0.03382	0.040174
1900	0.032841	0.037975
1901	0.031908	0.03584
1902	0.030882	0.033406
1903	0.030189	0.031762
1904	0.029628	0.030383
1905	0.029138	0.029195
1906	0.028519	0.02766
1907	0.028139	0.026683
1908	0.027767	0.025751
1909	0.027479	0.024992
1910	0.027104	0.02403
1911	0.026851	0.023384
1912	0.026634	0.022794
1913	0.026432	0.022277
1914	0.026201	0.021638
1915	0.026059	0.021279
1916	0.025907	0.020888
1917	0.025773	0.020547
1918	0.025625	0.020127
1919	0.025526	0.019881
1920	0.025439	0.019668
1921	0.025342	0.019424
1922	0.025284	0.019257
1923	0.025228	0.01913
1924	0.025171	0.018967
1925	0.025145	0.018926
1926	0.025104	0.018843
1927	0.02509	0.018839
1928	0.025087	0.018829
1929	0.025086	0.018864
1930	0.025088	0.018904
1931	0.025115	0.01902
1932	0.025139	0.019089
1933	0.025164	0.019199
1934	0.025228	0.019384
1935	0.025271	0.019543
1936	0.025329	0.019746
1937	0.025414	0.020026
1938	0.025482	0.02022
1939	0.025556	0.020469
1940	0.025662	0.020803
1941	0.025754	0.021101
1942	0.025859	0.021396
1943	0.026002	0.021832
1944	0.02613	0.022186
1945	0.026248	0.02255
1946	0.026404	0.023012
1947	0.02656	0.02344
1948	0.02667	0.023775
1949	0.026886	0.024359
1950	0.027022	0.024758
1951	0.027259	0.025425
1952	0.027416	0.025842
1953	0.027586	0.026324
1954	0.027834	0.026974
1955	0.028035	0.027532
1956	0.0282	0.027992
1957	0.028481	0.02875
1958	0.028691	0.029284
1959	0.028966	0.030015
1960	0.029199	0.030636
1961	0.029389	0.031146
1962	0.029751	0.032043
1963	0.029956	0.032582
1964	0.030314	0.033459
1965	0.030563	0.034099
1966	0.030821	0.034755
1967	0.031176	0.035643
1968	0.031475	0.036355
1969	0.03185	0.037276
1970	0.032109	0.037918
1971	0.032585	0.039064
1972	0.032853	0.039685
1973	0.033102	0.040292
1974	0.033609	0.041453
1975	0.033922	0.0422
1976	0.034358	0.043218
1977	0.034675	0.043965
1978	0.035201	0.045136
1979	0.035533	0.045906
1980	0.036029	0.047032
1981	0.036387	0.047851
1982	0.036719	0.048608
1983	0.037318	0.0499
1984	0.037675	0.050703
1985	0.038238	0.051939
1986	0.038617	0.052779
1987	0.039159	0.053957
1988	0.039539	0.054752
1989	0.04012	0.056
1990	0.040556	0.056938
1991	0.041104	0.058103
1992	0.041522	0.058997
1993	0.042113	0.060201
1994	0.042553	0.061129
1995	0.043156	0.062382
1996	0.043568	0.063244
1997	0.044204	0.064551
1998	0.044621	0.065378
1999	0.045301	0.066757
2000	0.045737	0.067652
2001	0.046162	0.068522
2002	0.046811	0.069824
2003	0.04753	0.071215
2004	0.047943	0.072049
2005	0.048635	0.073417
2006	0.049099	0.074342
2007	0.049746	0.075611
2008	0.050193	0.076497
2009	0.050865	0.077803
2010	0.051274	0.07861
2011	0.051951	0.079918
2012	0.052401	0.080796
2013	0.053122	0.082133
2014	0.053563	0.082989
2015	0.054253	0.0843
2016	0.054699	0.085158
2017	0.055369	0.086424
2018	0.05576	0.087135
2019	0.056391	0.088322
2020	0.056838	0.089172
2021	0.057491	0.090391
2022	0.058135	0.091592
2023	0.058497	0.092283
2024	0.059164	0.093517
2025	0.059577	0.094295
2026	0.060213	0.095467
2027	0.060558	0.096121
2028	0.061181	0.097266
2029	0.061816	0.098426
2030	0.062203	0.09915
2031	0.062709	0.10008
2032	0.063119	0.10084
2033	0.063717	0.10193
2034	0.064061	0.10257
2035	0.064665	0.10366
2036	0.065265	0.10475
2037	0.065554	0.10529
2038	0.066183	0.10642
2039	0.06647	0.10696
2040	0.067039	0.10798
2041	0.067612	0.10901
2042	0.067898	0.10954
2043	0.068468	0.11056
2044	0.068754	0.11109
2045	0.069289	0.11205
2046	0.069831	0.11302
2047	0.070142	0.11359
2048	0.070699	0.11458
2049	0.070993	0.11512
2050	0.071524	0.11606
2051	0.072042	0.11698
2052	0.072349	0.11754
2053	0.072841	0.11846
2054	0.073412	0.11946
2055	0.073694	0.11998
2056	0.074283	0.12101
2057	0.0746	0.12159
2058	0.0752	0.12263
2059	0.07578	0.12364
2060	0.076154	0.12431
2061	0.076785	0.1254
2062	0.077351	0.12638
2063	0.077775	0.12718
2064	0.078344	0.12816
2065	0.079024	0.12933
2066	0.079354	0.12992
2067	0.079966	0.13097
2068	0.080597	0.13205
2069	0.080993	0.13274
2070	0.08158	0.13374
2071	0.082251	0.13488
2072	0.082578	0.13546
2073	0.083171	0.13652
2074	0.083787	0.13757
2075	0.084208	0.1383
2076	0.084767	0.13925
2077	0.085415	0.14034
2078	0.085776	0.14103
2079	0.086351	0.142
2080	0.086892	0.14292
2081	0.087234	0.14352
2082	0.087884	0.1446
2083	0.088432	0.14558
2084	0.088752	0.14615
2085	0.089298	0.14707
2086	0.089905	0.14808
2087	0.090452	0.149
2088	0.09081	0.14968
2089	0.091375	0.15062
2090	0.091921	0.15154
2091	0.092301	0.15219
2092	0.092756	0.15296
2093	0.093393	0.15407
2094	0.093882	0.15489
2095	0.094234	0.1555
2096	0.094699	0.15628
2097	0.095266	0.15722
2098	0.095656	0.15789
2099	0.096164	0.15874
2100	0.096676	0.15959
2101	0.097229	0.16051
2102	0.097557	0.16107
2103	0.098127	0.16207
2104	0.098633	0.16291
2105	0.099176	0.16381
2106	0.099481	0.16434
2107	0.09997	0.16515
2108	0.10043	0.16599
2109	0.10091	0.16678
2110	0.10123	0.16733
2111	0.10171	0.16812
2112	0.10214	0.16884
2113	0.10264	0.16973
2114	0.1029	0.17019
2115	0.10331	0.17088
2116	0.10376	0.17163
2117	0.10425	0.17244
2118	0.10453	0.17299
2119	0.10499	0.17375
2120	0.10548	0.17455
2121	0.10604	0.17547
2122	0.10644	0.17614
2123	0.10675	0.17673
2124	0.1072	0.17749
2125	0.10763	0.17819
2126	0.10805	0.17889
2127	0.10833	0.17938
2128	0.10868	0.18004
2129	0.1091	0.18074
2130	0.10951	0.18142
2131	0.10991	0.18209
2132	0.11014	0.1825
2133	0.11053	0.18321
2134	0.11083	0.18372
2135	0.11116	0.18428
2136	0.11153	0.18491
2137	0.11172	0.18526
2138	0.112	0.1858
2139	0.11227	0.18626
2140	0.11254	0.18674
2141	0.11289	0.18733
2142	0.11317	0.18781
2143	0.11333	0.18819
2144	0.11359	0.18864
2145	0.11393	0.18921
2146	0.11425	0.18976
2147	0.11455	0.19027
2148	0.1147	0.19063
2149	0.11492	0.19102
2150	0.11527	0.19161
2151	0.11558	0.19215
2152	0.11584	0.19259
2153	0.11612	0.19315
2154	0.11631	0.19349
2155	0.11654	0.19391
2156	0.11691	0.19452
2157	0.11709	0.19486
2158	0.11734	0.19537
2159	0.11757	0.19578
2160	0.11784	0.19625
2161	0.11795	0.19647
2162	0.11823	0.19695
2163	0.11845	0.19741
2164	0.11871	0.19787
2165	0.1189	0.19822
2166	0.11914	0.19865
2167	0.11941	0.19911
2168	0.11961	0.19955
2169	0.11976	0.19984
2170	0.12	0.20026
2171	0.12023	0.20067
2172	0.12043	0.2011
2173	0.12068	0.20155
2174	0.12095	0.20208
2175	0.12115	0.20244
2176	0.12141	0.2029
2177	0.12165	0.20333
2178	0.1219	0.20384
2179	0.12226	0.20444
2180	0.12257	0.20497
2181	0.12282	0.2054
2182	0.12314	0.20596
2183	0.12342	0.20643
2184	0.12369	0.2069
2185	0.12404	0.20749
2186	0.12429	0.20794
2187	0.12455	0.20838
2188	0.12484	0.20896
2189	0.12507	0.20937
2190	0.12528	0.20974
2191	0.12558	0.21026
2192	0.12578	0.21063
2193	0.12596	0.21103
2194	0.12603	0.2112
2195	0.12614	0.21144
2196	0.12633	0.21179
2197	0.12652	0.21214
2198	0.12663	0.21244
2199	0.12669	0.2126
2200	0.12686	0.21291
2201	0.12702	0.21323
2202	0.12715	0.21349
2203	0.12726	0.2138
2204	0.12733	0.21396
2205	0.12747	0.21425
2206	0.12756	0.21445
2207	0.12765	0.21472
2208	0.12786	0.2151
2209	0.12796	0.2154
2210	0.12815	0.21574
2211	0.12832	0.21606
2212	0.12842	0.21629
2213	0.12847	0.21651
2214	0.1285	0.21663
2215	0.12857	0.21679
2216	0.12852	0.21679
2217	0.12851	0.21684
2218	0.12843	0.21688
2219	0.12843	0.21694
2220	0.12848	0.2171
2221	0.12845	0.21712
2222	0.12845	0.21719
2223	0.12828	0.21707
2224	0.12818	0.217
2225	0.12808	0.21692
2226	0.12784	0.21665
2227	0.12761	0.21637
2228	0.12738	0.21617
2229	0.12708	0.21579
2230	0.12673	0.21534
2231	0.12648	0.21505
2232	0.12613	0.21459
2233	0.12568	0.21406
2234	0.12537	0.21367
2235	0.12492	0.21307
2236	0.12444	0.21242
2237	0.12389	0.21166
2238	0.12338	0.21104
2239	0.1228	0.21024
2240	0.12219	0.20939
2241	0.12154	0.20847
2242	0.1209	0.20758
2243	0.12016	0.2066
2244	0.11946	0.2056
2245	0.11876	0.20461
2246	0.11799	0.2035
2247	0.11728	0.20249
2248	0.11654	0.2015
2249	0.1158	0.20044
2250	0.1151	0.19943
2251	0.1144	0.19842
2252	0.11372	0.19744
2253	0.11284	0.19615
2254	0.11213	0.19512
2255	0.11132	0.19394
2256	0.11062	0.19292
2257	0.10994	0.19192
2258	0.10928	0.19104
2259	0.1086	0.19003
2260	0.1079	0.18901
2261	0.10715	0.18789
2262	0.10652	0.18698
2263	0.10584	0.18598
2264	0.10512	0.18491
2265	0.10447	0.18393
2266	0.10385	0.18302
2267	0.10322	0.18208
2268	0.10255	0.18115
2269	0.10191	0.1802
2270	0.1013	0.17929
2271	0.10079	0.17853
2272	0.10027	0.17778
2273	0.099728	0.17703
2274	0.099054	0.17601
2275	0.098569	0.17529
2276	0.097994	0.17443
2277	0.097527	0.17374
2278	0.097048	0.17302
2279	0.096566	0.17231
2280	0.096162	0.17171
2281	0.095681	0.171
2282	0.095129	0.17016
2283	0.094691	0.16951
2284	0.094121	0.16864
2285	0.093586	0.16782
2286	0.093071	0.16704
2287	0.092371	0.16595
2288	0.09181	0.16515
2289	0.091248	0.16429
2290	0.090632	0.16333
2291	0.090188	0.16265
2292	0.08961	0.16176
2293	0.089183	0.16111
2294	0.088667	0.16031
2295	0.088222	0.15963
2296	0.087705	0.15882
2297	0.08729	0.15819
2298	0.086589	0.15707
2299	0.0862	0.15647
2300	0.085703	0.1557
2301	0.085274	0.15503
2302	0.084744	0.1542
2303	0.084375	0.15369
2304	0.083947	0.15302
2305	0.083658	0.15259
2306	0.082949	0.15144
2307	0.082669	0.15102
2308	0.082369	0.15057
2309	0.082044	0.15007
2310	0.081734	0.1496
2311	0.081533	0.14931
2312	0.081204	0.14881
2313	0.081026	0.14856
2314	0.080456	0.14764
2315	0.080351	0.14751
2316	0.080045	0.14704
2317	0.079816	0.14671
2318	0.07955	0.14631
2319	0.079364	0.14604
2320	0.079051	0.14556
2321	0.078818	0.14521
2322	0.078221	0.14423
2323	0.07802	0.14388
2324	0.07769	0.14336
2325	0.077335	0.1428
2326	0.077045	0.14235
2327	0.076792	0.14196
2328	0.076093	0.14073
2329	0.075818	0.14031
2330	0.075436	0.13969
2331	0.075076	0.13911
2332	0.074677	0.13846
2333	0.074274	0.13775
2334	0.073888	0.13712
2335	0.0732	0.13595
2336	0.07284	0.13536
2337	0.072474	0.13471
2338	0.072076	0.13405
2339	0.071744	0.13346
2340	0.071007	0.13219
2341	0.070721	0.13173
2342	0.070311	0.13099
2343	0.069982	0.13045
2344	0.069629	0.12981
2345	0.069314	0.12929
2346	0.068729	0.12828
2347	0.068447	0.12782
2348	0.068136	0.12731
2349	0.067883	0.1269
2350	0.067592	0.12642
2351	0.066998	0.12539
2352	0.066825	0.12512
2353	0.066569	0.12465
2354	0.066213	0.12405
2355	0.065954	0.12362
2356	0.065743	0.12329
2357	0.065151	0.12224
2358	0.064938	0.1219
2359	0.064738	0.12158
2360	0.064426	0.12106
2361	0.064195	0.12068
2362	0.063554	0.11953
2363	0.063357	0.11922
2364	0.063126	0.11883
2365	0.062904	0.11847
2366	0.062322	0.11743
2367	0.06207	0.117
2368	0.061739	0.11643
2369	0.061399	0.11584
2370	0.061149	0.11541
2371	0.060554	0.11433
2372	0.060284	0.11387
2373	0.059973	0.11327
2374	0.059767	0.11293
2375	0.059111	0.11172
2376	0.058959	0.11148
2377	0.058625	0.11089
2378	0.05828	0.11022
2379	0.058095	0.10991
2380	0.057468	0.10875
2381	0.0572	0.10828
2382	0.056835	0.10761
2383	0.056585	0.10713
2384	0.055997	0.10603
2385	0.055685	0.10546
2386	0.055399	0.10495
2387	0.055145	0.1045
2388	0.054579	0.10338
2389	0.054264	0.1028
2390	0.053955	0.10224
2391	0.053652	0.10168
2392	0.053075	0.10053
2393	0.052766	0.099959
2394	0.052463	0.099348
2395	0.052193	0.098853
2396	0.051652	0.097811
2397	0.0514	0.097299
2398	0.051097	0.096733
2399	0.050847	0.096224
2400	0.050275	0.095106
2401	0.050018	0.094627
2402	0.049683	0.093941
2403	0.049458	0.093527
2404	0.048824	0.092219
2405	0.048554	0.091707
2406	0.048268	0.091163
2407	0.04772	0.090021
2408	0.047432	0.089467
2409	0.047157	0.088891
2410	0.046893	0.088385
2411	0.046389	0.087372
2412	0.046056	0.086668
2413	0.045723	0.086008
2414	0.045174	0.084842
2415	0.044882	0.084265
2416	0.044536	0.083572
2417	0.044232	0.082917
2418	0.043678	0.081769
2419	0.043381	0.081127
2420	0.043045	0.080445
2421	0.042496	0.079249
2422	0.04217	0.078581
2423	0.04186	0.077903
2424	0.041572	0.077312
2425	0.040988	0.076022
2426	0.040713	0.075457
2427	0.040409	0.07478
2428	0.039885	0.073653
2429	0.039591	0.072993
2430	0.039241	0.07225
2431	0.038741	0.071119
2432	0.038443	0.070485
2433	0.038144	0.069803
2434	0.037881	0.069245
2435	0.03735	0.068026
2436	0.037055	0.067388
2437	0.036772	0.066734
2438	0.036286	0.065646
2439	0.035999	0.064974
2440	0.03574	0.064409
2441	0.035241	0.063233
2442	0.03499	0.062682
2443	0.034721	0.062041
2444	0.034199	0.060838
2445	0.033906	0.060134
2446	0.033645	0.059506
2447	0.033188	0.058398
2448	0.032903	0.057745
2449	0.032656	0.057143
2450	0.032205	0.056036
2451	0.031946	0.055394
2452	0.031706	0.05484
2453	0.03122	0.053631
2454	0.030986	0.053083
2455	0.030765	0.052529
2456	0.030321	0.051406
2457	0.030118	0.05089
2458	0.02989	0.050348
2459	0.029487	0.049314
2460	0.029282	0.048785
2461	0.029062	0.048215
2462	0.028683	0.047229
2463	0.028506	0.046805
2464	0.028332	0.046349
2465	0.028003	0.045481
2466	0.027801	0.044944
2467	0.027467	0.044054
2468	0.02727	0.043526
2469	0.027126	0.043139
2470	0.026802	0.042263
2471	0.026673	0.041913
2472	0.026521	0.0415
2473	0.026202	0.040625
2474	0.026058	0.040229
2475	0.025928	0.039869
2476	0.025682	0.039188
2477	0.025571	0.038839
2478	0.025338	0.038189
2479	0.025196	0.037751
2480	0.025076	0.037411
2481	0.024888	0.036841
2482	0.024802	0.036557
2483	0.024751	0.036413
2484	0.024561	0.035833
2485	0.024417	0.035381
2486	0.024098	0.034422
2487	0.024067	0.034295
2488	0.023968	0.033969
2489	0.023704	0.033159
2490	0.023652	0.032967
2491	0.023551	0.032632
2492	0.023419	0.032165
2493	0.023347	0.031913
2494	0.023247	0.03154
2495	0.023209	0.031388
2496	0.0232	0.031285
2497	0.023087	0.030871
2498	0.023082	0.030778
2499	0.022962	0.030345
2500	0.022981	0.030322
