  0.400000  0.112364  0.038229  -0.014224  0.075200  0.038100  0.283700
  0.401000  0.115834  0.038317  -0.012499  0.075650  0.038200  0.284100
  0.402000  0.119303  0.038406  -0.012475  0.076100  0.038300  0.284500
  0.403000  0.122773  0.038470  -0.009040  0.076500  0.038400  0.284850
  0.404000  0.126242  0.038533  -0.009040  0.076900  0.038500  0.285200
  0.405000  0.129712  0.038576  -0.008978  0.077200  0.038600  0.285500
  0.406000  0.133181  0.038620  -0.008978  0.077500  0.038700  0.285800
  0.407000  0.136651  0.038697  -0.007681  0.077850  0.038800  0.286150
  0.408000  0.140120  0.038773  -0.007664  0.078200  0.038900  0.286500
  0.409000  0.143590  0.038830  -0.005979  0.078550  0.039000  0.286850
  0.410000  0.147059  0.038887  -0.005986  0.078900  0.039100  0.287200
  0.411000  0.150529  0.038916  -0.005986  0.079250  0.039150  0.287550
  0.412000  0.153998  0.038945  -0.001729  0.079600  0.039200  0.287900
  0.413000  0.157468  0.039005  -0.004315  0.079950  0.039300  0.288150
  0.414000  0.160937  0.039064  -0.001728  0.080300  0.039400  0.288400
  0.415000  0.164407  0.039148  -0.001728  0.080700  0.039500  0.288700
  0.416000  0.167876  0.039233  -0.001729  0.081100  0.039600  0.289000
  0.417000  0.171346  0.039265  -0.000052  0.081550  0.039700  0.289350
  0.418000  0.174815  0.039298  -0.000039  0.082000  0.039800  0.289700
  0.419000  0.178285  0.039347   0.003339  0.082500  0.039900  0.290000
  0.420000  0.181754  0.039397   0.003365  0.083000  0.040000  0.290300
  0.421000  0.185224  0.039464   0.003384  0.083600  0.040100  0.290550
  0.422000  0.188693  0.039530   0.004668  0.084200  0.040200  0.290800
  0.423000  0.193424  0.039622   0.006309  0.084850  0.040350  0.291050
  0.424000  0.198154  0.039714   0.007924  0.085500  0.040500  0.291300
  0.425000  0.200027  0.039754   0.007545  0.086300  0.040600  0.291550
  0.426000  0.201899  0.039794   0.009292  0.087100  0.040700  0.291800
  0.427000  0.199308  0.039829   0.010550  0.087950  0.040800  0.292100
  0.428000  0.196716  0.039864   0.008826  0.088800  0.040900  0.292400
  0.429000  0.199021  0.040002   0.013050  0.089750  0.041050  0.292650
  0.430000  0.201326  0.040140   0.014664  0.090700  0.041200  0.292900
  0.431000  0.201946  0.040141   0.015934  0.091800  0.041300  0.293200
  0.432000  0.202566  0.040143   0.017692  0.092900  0.041400  0.293500
  0.433000  0.201222  0.040216   0.018899  0.094150  0.041550  0.293700
  0.434000  0.199878  0.040290   0.018836  0.095400  0.041700  0.293900
  0.435000  0.199109  0.040306   0.022066  0.096700  0.041800  0.294200
  0.436000  0.198340  0.040321   0.023479  0.098000  0.041900  0.294500
  0.437000  0.201184  0.040408   0.023583  0.099300  0.042050  0.294700
  0.438000  0.204027  0.040495   0.023531  0.100600  0.042200  0.294900
  0.439000  0.204762  0.040546   0.024996  0.101900  0.042350  0.295150
  0.440000  0.205496  0.040597   0.026221  0.103200  0.042500  0.295400
  0.441000  0.204590  0.040647   0.028875  0.104450  0.042600  0.295550
  0.442000  0.203685  0.040698   0.028571  0.105700  0.042700  0.295700
  0.443000  0.204908  0.040742   0.030361  0.106800  0.042850  0.295950
  0.444000  0.206132  0.040786   0.030263  0.107900  0.043000  0.296200
  0.445000  0.206781  0.040856   0.031474  0.108850  0.043150  0.296450
  0.446000  0.207431  0.040926   0.031441  0.109800  0.043300  0.296700
  0.447000  0.207348  0.040999   0.034450  0.110550  0.043450  0.296850
  0.448000  0.207265  0.041072   0.033922  0.111300  0.043600  0.297000
  0.449000  0.207568  0.041133   0.035433  0.111850  0.043700  0.297200
  0.450000  0.207871  0.041194   0.035765  0.112400  0.043800  0.297400
  0.451000  0.208431  0.041244   0.034523  0.112800  0.043900  0.297600
  0.452000  0.208990  0.041294   0.037553  0.113200  0.044000  0.297800
  0.453000  0.209369  0.041328   0.037353  0.113450  0.044150  0.298000
  0.454000  0.209748  0.041362   0.036397  0.113700  0.044300  0.298200
  0.455000  0.209803  0.041425   0.037553  0.113900  0.044400  0.298400
  0.456000  0.209858  0.041487   0.039219  0.114100  0.044500  0.298600
  0.457000  0.210001  0.041558   0.039135  0.114200  0.044550  0.298750
  0.458000  0.210144  0.041629   0.038673  0.114300  0.044600  0.298900
  0.459000  0.210747  0.041709   0.039768  0.114450  0.044700  0.299050
  0.460000  0.211351  0.041790   0.041332  0.114600  0.044800  0.299200
  0.461000  0.211187  0.041840   0.041104  0.114750  0.044850  0.299350
  0.462000  0.211024  0.041890   0.041150  0.114900  0.044900  0.299500
  0.463000  0.211657  0.041943   0.041332  0.115100  0.045000  0.299700
  0.464000  0.212291  0.041996   0.043012  0.115300  0.045100  0.299900
  0.465000  0.212456  0.042030   0.042679  0.115450  0.045150  0.300000
  0.466000  0.212622  0.042063   0.043759  0.115600  0.045200  0.300100
  0.467000  0.212524  0.042124   0.042821  0.115800  0.045300  0.300250
  0.468000  0.212427  0.042185   0.042774  0.116000  0.045400  0.300400
  0.469000  0.212341  0.042256   0.042679  0.116200  0.045500  0.300550
  0.470000  0.212255  0.042327   0.044145  0.116400  0.045600  0.300700
  0.471000  0.212757  0.042381   0.047190  0.116650  0.045650  0.300800
  0.472000  0.213260  0.042435   0.047190  0.116900  0.045700  0.300900
  0.473000  0.213615  0.042516   0.047190  0.117200  0.045800  0.301000
  0.474000  0.213970  0.042597   0.048516  0.117500  0.045900  0.301100
  0.475000  0.214143  0.042635   0.048676  0.117850  0.046000  0.301250
  0.476000  0.214317  0.042674   0.049862  0.118200  0.046100  0.301400
  0.477000  0.214153  0.042721   0.052458  0.118550  0.046200  0.301500
  0.478000  0.213988  0.042768   0.049807  0.118900  0.046300  0.301600
  0.479000  0.214533  0.042831   0.052119  0.119350  0.046400  0.301700
  0.480000  0.215077  0.042894   0.052288  0.119800  0.046500  0.301800
  0.481000  0.215053  0.042975   0.053785  0.120400  0.046650  0.301900
  0.482000  0.215028  0.043055   0.053499  0.121000  0.046800  0.302000
  0.483000  0.215325  0.043078   0.053271  0.121700  0.046950  0.302050
  0.484000  0.215622  0.043100   0.054420  0.122400  0.047100  0.302100
  0.485000  0.215729  0.043184   0.055449  0.123200  0.047300  0.302200
  0.486000  0.215835  0.043268   0.055916  0.124000  0.047500  0.302300
  0.487000  0.216168  0.043308   0.058844  0.124900  0.047650  0.302400
  0.488000  0.216501  0.043348   0.061440  0.125800  0.047800  0.302500
  0.489000  0.216676  0.043416   0.062324  0.126800  0.048000  0.302600
  0.490000  0.216851  0.043485   0.060547  0.127800  0.048200  0.302700
  0.491000  0.217267  0.043545   0.063139  0.128900  0.048350  0.302750
  0.492000  0.217683  0.043605   0.061683  0.130000  0.048500  0.302800
  0.493000  0.217908  0.043655   0.064849  0.131150  0.048650  0.302950
  0.494000  0.218133  0.043706   0.067641  0.132300  0.048800  0.303100
  0.495000  0.218290  0.043848   0.068367  0.133500  0.049000  0.303200
  0.496000  0.218447  0.043990   0.068434  0.134700  0.049200  0.303300
  0.497000  0.218761  0.044293   0.071002  0.136050  0.049300  0.303400
  0.498000  0.219075  0.044595   0.072400  0.137400  0.049400  0.303500
  0.499000  0.219513  0.045004   0.074376  0.138850  0.049550  0.303600
  0.500000  0.219951  0.045412   0.073873  0.140300  0.049700  0.303700
  0.501000  0.220399  0.045928   0.074450  0.141900  0.049850  0.303750
  0.502000  0.220847  0.046444   0.077507  0.143500  0.050000  0.303800
  0.503000  0.221124  0.047039   0.078469  0.145300  0.050150  0.303850
  0.504000  0.221400  0.047634   0.079875  0.147100  0.050300  0.303900
  0.505000  0.221934  0.048263   0.079725  0.149000  0.050450  0.303950
  0.506000  0.222469  0.048893   0.082313  0.150900  0.050600  0.304000
  0.507000  0.222925  0.049806   0.083338  0.153000  0.050800  0.304050
  0.508000  0.223380  0.050719   0.084749  0.155100  0.051000  0.304100
  0.509000  0.223839  0.052017   0.085298  0.157250  0.051150  0.304150
  0.510000  0.224297  0.053314   0.087901  0.159400  0.051300  0.304200
  0.511000  0.224829  0.054744   0.089936  0.161700  0.051500  0.304200
  0.512000  0.225362  0.056175   0.091440  0.164000  0.051700  0.304200
  0.513000  0.225793  0.057658   0.090947  0.166400  0.051900  0.304250
  0.514000  0.226224  0.059142   0.093541  0.168800  0.052100  0.304300
  0.515000  0.226777  0.060973   0.099386  0.171300  0.052300  0.304300
  0.516000  0.227330  0.062804   0.095628  0.173800  0.052500  0.304300
  0.517000  0.227833  0.064952   0.097874  0.176350  0.052750  0.304300
  0.518000  0.228335  0.067100   0.101977  0.178900  0.053000  0.304300
  0.519000  0.228697  0.069141   0.100637  0.181550  0.053250  0.304350
  0.520000  0.229059  0.071183   0.104602  0.184200  0.053500  0.304400
  0.521000  0.229264  0.073285   0.103949  0.186900  0.053750  0.304350
  0.522000  0.229470  0.075386   0.106284  0.189600  0.054000  0.304300
  0.523000  0.229631  0.077821   0.110320  0.192300  0.054300  0.304300
  0.524000  0.229793  0.080256   0.110748  0.195000  0.054600  0.304300
  0.525000  0.230286  0.082602   0.110654  0.197700  0.054950  0.304250
  0.526000  0.230779  0.084949   0.111528  0.200400  0.055300  0.304200
  0.527000  0.231361  0.086986   0.115996  0.203000  0.055650  0.304200
  0.528000  0.231943  0.089023   0.116947  0.205600  0.056000  0.304200
  0.529000  0.232765  0.090968   0.116947  0.208100  0.056350  0.304150
  0.530000  0.233586  0.092914   0.119240  0.210600  0.056700  0.304100
  0.531000  0.234243  0.094805   0.121426  0.212900  0.057150  0.304100
  0.532000  0.234900  0.096696   0.119576  0.215200  0.057600  0.304100
  0.533000  0.235813  0.098115   0.126100  0.217150  0.058100  0.304050
  0.534000  0.236726  0.099535   0.129785  0.219100  0.058600  0.304000
  0.535000  0.237399  0.100613   0.130826  0.220700  0.059100  0.303900
  0.536000  0.238071  0.101690   0.133934  0.222300  0.059600  0.303800
  0.537000  0.238921  0.102610   0.135968  0.223550  0.060200  0.303750
  0.538000  0.239772  0.103530   0.135075  0.224800  0.060800  0.303700
  0.539000  0.240607  0.104405   0.137692  0.225500  0.061400  0.303600
  0.540000  0.241443  0.105280   0.139515  0.226200  0.062000  0.303500
  0.541000  0.242229  0.106040   0.141667  0.226300  0.062750  0.303400
  0.542000  0.243016  0.106800   0.140032  0.226400  0.063500  0.303300
  0.543000  0.243646  0.107455   0.143319  0.226000  0.064250  0.303200
  0.544000  0.244277  0.108110   0.147778  0.225600  0.065000  0.303100
  0.545000  0.244861  0.108615   0.145463  0.224600  0.065900  0.303000
  0.546000  0.245445  0.109120   0.148999  0.223600  0.066800  0.302900
  0.547000  0.245875  0.109460   0.149352  0.222050  0.067800  0.302850
  0.548000  0.246305  0.109800   0.153467  0.220500  0.068800  0.302800
  0.549000  0.246720  0.110010   0.158114  0.218350  0.069850  0.302650
  0.550000  0.247135  0.110220   0.159853  0.216200  0.070900  0.302500
  0.551000  0.247662  0.110430   0.161579  0.213600  0.072100  0.302400
  0.552000  0.248189  0.110640   0.162059  0.211000  0.073300  0.302300
  0.553000  0.248978  0.110870   0.163575  0.208050  0.074600  0.302150
  0.554000  0.249767  0.111100   0.167710  0.205100  0.075900  0.302000
  0.555000  0.250553  0.111165   0.168501  0.201900  0.077300  0.301800
  0.556000  0.251340  0.111230   0.173997  0.198700  0.078700  0.301600
  0.557000  0.252286  0.110995   0.175496  0.195350  0.080200  0.301450
  0.558000  0.253232  0.110760   0.176710  0.192000  0.081700  0.301300
  0.559000  0.254102  0.110255   0.176669  0.188700  0.083350  0.301150
  0.560000  0.254972  0.109750   0.178348  0.185400  0.085000  0.301000
  0.561000  0.256517  0.109090   0.181816  0.182100  0.086850  0.300800
  0.562000  0.258063  0.108430   0.184871  0.178800  0.088700  0.300600
  0.563000  0.259352  0.107625   0.185544  0.175700  0.090550  0.300400
  0.564000  0.260640  0.106820   0.186487  0.172600  0.092400  0.300200
  0.565000  0.261912  0.105945   0.189538  0.169700  0.094400  0.299950
  0.566000  0.263185  0.105070   0.190925  0.166800  0.096400  0.299700
  0.567000  0.264530  0.103985   0.192313  0.164150  0.098450  0.299500
  0.568000  0.265876  0.102900   0.194948  0.161500  0.100500  0.299300
  0.569000  0.266930  0.101570   0.198980  0.159000  0.102650  0.299050
  0.570000  0.267985  0.100240   0.203332  0.156500  0.104800  0.298800
  0.571000  0.269309  0.098771   0.204590  0.154250  0.107050  0.298600
  0.572000  0.270634  0.097302   0.203366  0.152000  0.109300  0.298400
  0.573000  0.271672  0.095958   0.203659  0.149950  0.111600  0.298150
  0.574000  0.272709  0.094614   0.204413  0.147900  0.113900  0.297900
  0.575000  0.273879  0.093242   0.206604  0.146050  0.116250  0.297600
  0.576000  0.275048  0.091871   0.208481  0.144200  0.118600  0.297300
  0.577000  0.276095  0.090450   0.215822  0.142550  0.120900  0.297050
  0.578000  0.277142  0.089030   0.218758  0.140900  0.123200  0.296800
  0.579000  0.278152  0.087996   0.219870  0.139450  0.125550  0.296500
  0.580000  0.279163  0.086963   0.222577  0.138000  0.127900  0.296200
  0.581000  0.280260  0.086135   0.222675  0.136700  0.130250  0.295950
  0.582000  0.281357  0.085306   0.222170  0.135400  0.132600  0.295700
  0.583000  0.282190  0.084471   0.224548  0.134250  0.134850  0.295400
  0.584000  0.283023  0.083636   0.226250  0.133100  0.137100  0.295100
  0.585000  0.283897  0.082779   0.230572  0.132000  0.139350  0.294850
  0.586000  0.284771  0.081922   0.231139  0.130900  0.141600  0.294600
  0.587000  0.285788  0.081089   0.232248  0.129850  0.143700  0.294300
  0.588000  0.286806  0.080257   0.231548  0.128800  0.145800  0.294000
  0.589000  0.287522  0.079545   0.232424  0.127750  0.147850  0.293700
  0.590000  0.288238  0.078833   0.235575  0.126700  0.149900  0.293400
  0.591000  0.288883  0.078241   0.236318  0.125750  0.151850  0.293150
  0.592000  0.289528  0.077650   0.236318  0.124800  0.153800  0.292900
  0.593000  0.290372  0.077191   0.237420  0.123750  0.155600  0.292600
  0.594000  0.291216  0.076732   0.237985  0.122700  0.157400  0.292300
  0.595000  0.291662  0.076330   0.240500  0.121700  0.159100  0.292050
  0.596000  0.292107  0.075929   0.241438  0.120700  0.160800  0.291800
  0.597000  0.292845  0.075657   0.243633  0.119700  0.162400  0.291500
  0.598000  0.293583  0.075385   0.242346  0.118700  0.164000  0.291200
  0.599000  0.294118  0.075143   0.244533  0.117800  0.165400  0.290950
  0.600000  0.294654  0.074901   0.244546  0.116900  0.166800  0.290700
  0.601000  0.295324  0.074587   0.243642  0.116000  0.168150  0.290400
  0.602000  0.295994  0.074273   0.243646  0.115100  0.169500  0.290100
  0.603000  0.296402  0.073908   0.246523  0.114350  0.170750  0.289850
  0.604000  0.296809  0.073543   0.247418  0.113600  0.172000  0.289600
  0.605000  0.297310  0.073179   0.249334  0.112950  0.173100  0.289300
  0.606000  0.297811  0.072815   0.248969  0.112300  0.174200  0.289000
  0.607000  0.298454  0.072453   0.249307  0.111700  0.175250  0.288750
  0.608000  0.299097  0.072092   0.249702  0.111100  0.176300  0.288500
  0.609000  0.299506  0.071663   0.251310  0.110650  0.177200  0.288250
  0.610000  0.299914  0.071235   0.251492  0.110200  0.178100  0.288000
  0.611000  0.300456  0.070793   0.254170  0.109850  0.178950  0.287750
  0.612000  0.300998  0.070351   0.254170  0.109500  0.179800  0.287500
  0.613000  0.301416  0.069866   0.255924  0.109200  0.180550  0.287250
  0.614000  0.301834  0.069380   0.258599  0.108900  0.181300  0.287000
  0.615000  0.301958  0.068828   0.258599  0.108750  0.182000  0.286750
  0.616000  0.302082  0.068276   0.260526  0.108600  0.182700  0.286500
  0.617000  0.302550  0.067672   0.260526  0.108450  0.183350  0.286250
  0.618000  0.303017  0.067068   0.260939  0.108300  0.184000  0.286000
  0.619000  0.303478  0.066492   0.258145  0.108250  0.184550  0.285800
  0.620000  0.303939  0.065917   0.259257  0.108200  0.185100  0.285600
  0.621000  0.304251  0.065434   0.260761  0.108100  0.185650  0.285350
  0.622000  0.304564  0.064950   0.263498  0.108000  0.186200  0.285100
  0.623000  0.304965  0.064583   0.265799  0.108000  0.186700  0.284850
  0.624000  0.305366  0.064216   0.265035  0.108000  0.187200  0.284600
  0.625000  0.305454  0.063957   0.260761  0.108000  0.187700  0.284400
  0.626000  0.305542  0.063698   0.262181  0.108000  0.188200  0.284200
  0.627000  0.305966  0.063487   0.268265  0.107950  0.188650  0.284000
  0.628000  0.306391  0.063276   0.271818  0.107900  0.189100  0.283800
  0.629000  0.306894  0.063090   0.270857  0.107900  0.189500  0.283550
  0.630000  0.307398  0.062904   0.269033  0.107900  0.189900  0.283300
  0.631000  0.307548  0.062721   0.270469  0.107900  0.190350  0.283050
  0.632000  0.307699  0.062538   0.271518  0.107900  0.190800  0.282800
  0.633000  0.307992  0.062307   0.270743  0.108000  0.191250  0.282600
  0.634000  0.308284  0.062075   0.270743  0.108100  0.191700  0.282400
  0.635000  0.308768  0.061767   0.270550  0.108200  0.192100  0.282200
  0.636000  0.309253  0.061460   0.271306  0.108300  0.192500  0.282000
  0.637000  0.309303  0.061026   0.273027  0.108500  0.192900  0.281850
  0.638000  0.309352  0.060592   0.277530  0.108700  0.193300  0.281700
  0.639000  0.309829  0.060046   0.276800  0.109000  0.193750  0.281500
  0.640000  0.310305  0.059500   0.277192  0.109300  0.194200  0.281300
  0.641000  0.310556  0.058851   0.281097  0.109650  0.194600  0.281050
  0.642000  0.310807  0.058202   0.278822  0.110000  0.195000  0.280800
  0.643000  0.311204  0.057453   0.278822  0.110400  0.195400  0.280600
  0.644000  0.311601  0.056705   0.280501  0.110800  0.195800  0.280400
  0.645000  0.311835  0.055911   0.281934  0.111250  0.196300  0.280200
  0.646000  0.312068  0.055117   0.281735  0.111700  0.196800  0.280000
  0.647000  0.312190  0.054338   0.280347  0.112150  0.197250  0.279850
  0.648000  0.312312  0.053560   0.279167  0.112600  0.197700  0.279700
  0.649000  0.312734  0.052840   0.281576  0.113150  0.198150  0.279500
  0.650000  0.313155  0.052120   0.285034  0.113700  0.198600  0.279300
  0.651000  0.313428  0.051607   0.284805  0.114300  0.199100  0.279100
  0.652000  0.313702  0.051095   0.284805  0.114900  0.199600  0.278900
  0.653000  0.314027  0.050777   0.284776  0.115550  0.200100  0.278700
  0.654000  0.314352  0.050460   0.288278  0.116200  0.200600  0.278500
  0.655000  0.314504  0.050203   0.287873  0.116850  0.201100  0.278350
  0.656000  0.314656  0.049945   0.286862  0.117500  0.201600  0.278200
  0.657000  0.315139  0.049656   0.289329  0.118150  0.202150  0.278000
  0.658000  0.315623  0.049367   0.288528  0.118800  0.202700  0.277800
  0.659000  0.315880  0.049044   0.289137  0.119400  0.203250  0.277650
  0.660000  0.316138  0.048720   0.289570  0.120000  0.203800  0.277500
  0.661000  0.316276  0.048324   0.294701  0.120450  0.204350  0.277300
  0.662000  0.316413  0.047927   0.296973  0.120900  0.204900  0.277100
  0.663000  0.316867  0.047523   0.296540  0.121150  0.205500  0.276950
  0.664000  0.317320  0.047120   0.297583  0.121400  0.206100  0.276800
  0.665000  0.317603  0.046797   0.297793  0.121550  0.206750  0.276650
  0.666000  0.317885  0.046474   0.300270  0.121700  0.207400  0.276500
  0.667000  0.318164  0.046092   0.298243  0.121700  0.208000  0.276300
  0.668000  0.318442  0.045710   0.301116  0.121700  0.208600  0.276100
  0.669000  0.318673  0.045395   0.300270  0.121600  0.209200  0.275950
  0.670000  0.318904  0.045080   0.299848  0.121500  0.209800  0.275800
  0.671000  0.319203  0.044910   0.303133  0.121200  0.210500  0.275600
  0.672000  0.319503  0.044740   0.299456  0.120900  0.211200  0.275400
  0.673000  0.319708  0.044644   0.299456  0.120550  0.211900  0.275250
  0.674000  0.319913  0.044548   0.300499  0.120200  0.212600  0.275100
  0.675000  0.320258  0.044459   0.302788  0.119800  0.213300  0.274950
  0.676000  0.320603  0.044370   0.302367  0.119400  0.214000  0.274800
  0.677000  0.320620  0.044397   0.303423  0.119000  0.214700  0.274600
  0.678000  0.320638  0.044425   0.305269  0.118600  0.215400  0.274400
  0.679000  0.321235  0.044658   0.304633  0.118150  0.216150  0.274250
  0.680000  0.321831  0.044890   0.304356  0.117700  0.216900  0.274100
  0.681000  0.321984  0.045492   0.304988  0.117250  0.217650  0.273900
  0.682000  0.322138  0.046093   0.306430  0.116800  0.218400  0.273700
  0.683000  0.322353  0.047042   0.306430  0.116350  0.219200  0.273500
  0.684000  0.322568  0.047990   0.306854  0.115900  0.220000  0.273300
  0.685000  0.322707  0.049116   0.311141  0.115350  0.220800  0.273150
  0.686000  0.322845  0.050242   0.313020  0.114800  0.221600  0.273000
  0.687000  0.323196  0.051512   0.313236  0.114200  0.222400  0.272800
  0.688000  0.323547  0.052782   0.313886  0.113600  0.223200  0.272600
  0.689000  0.323776  0.054513   0.314539  0.112950  0.224050  0.272400
  0.690000  0.324006  0.056244   0.314470  0.112300  0.224900  0.272200
  0.691000  0.324428  0.059058   0.313236  0.111600  0.225750  0.272050
  0.692000  0.324850  0.061872   0.314470  0.110900  0.226600  0.271900
  0.693000  0.325553  0.065638   0.316140  0.110200  0.227450  0.271750
  0.694000  0.326255  0.069404   0.317235  0.109500  0.228300  0.271600
  0.695000  0.326647  0.073570   0.318034  0.108750  0.229150  0.271400
  0.696000  0.327039  0.077736   0.318916  0.108000  0.230000  0.271200
  0.697000  0.327304  0.082495   0.320916  0.107250  0.230950  0.271100
  0.698000  0.327568  0.087253   0.321684  0.106500  0.231900  0.271000
  0.699000  0.328030  0.092967   0.325355  0.105800  0.232750  0.270800
  0.700000  0.328492  0.098682   0.325468  0.105100  0.233600  0.270600
  0.701000  0.328971  0.104836   0.323382  0.104500  0.234550  0.270450
  0.702000  0.329450  0.110990   0.326023  0.103900  0.235500  0.270300
  0.703000  0.329839  0.117945   0.326464  0.103350  0.236400  0.270150
  0.704000  0.330229  0.124900   0.328786  0.102800  0.237300  0.270000
  0.705000  0.330582  0.133015   0.328461  0.102400  0.238250  0.269800
  0.706000  0.330935  0.141130   0.328684  0.102000  0.239200  0.269600
  0.707000  0.331369  0.148935   0.331348  0.101800  0.240100  0.269400
  0.708000  0.331803  0.156740   0.331667  0.101600  0.241000  0.269200
  0.709000  0.332067  0.164355   0.331443  0.101600  0.241950  0.269050
  0.710000  0.332330  0.171970   0.333876  0.101600  0.242900  0.268900
  0.711000  0.332872  0.179360   0.334102  0.101850  0.243800  0.268700
  0.712000  0.333414  0.186750   0.333737  0.102100  0.244700  0.268500
  0.713000  0.333606  0.194590   0.335936  0.102450  0.245650  0.268350
  0.714000  0.333799  0.202430   0.337602  0.102800  0.246600  0.268200
  0.715000  0.334085  0.210180   0.339342  0.103350  0.247500  0.268000
  0.716000  0.334372  0.217930   0.338204  0.103900  0.248400  0.267800
  0.717000  0.334765  0.225845   0.336016  0.104650  0.249300  0.267650
  0.718000  0.335159  0.233760   0.340096  0.105400  0.250200  0.267500
  0.719000  0.335541  0.242060   0.341241  0.106200  0.251050  0.267300
  0.720000  0.335924  0.250360   0.344184  0.107000  0.251900  0.267100
  0.721000  0.336139  0.258340   0.341076  0.108050  0.252800  0.266900
  0.722000  0.336354  0.266320   0.342514  0.109100  0.253700  0.266700
  0.723000  0.336655  0.275245   0.341597  0.110350  0.254550  0.266550
  0.724000  0.336957  0.284170   0.345165  0.111600  0.255400  0.266400
  0.725000  0.337443  0.292680   0.345198  0.113000  0.256250  0.266250
  0.726000  0.337928  0.301190   0.346919  0.114400  0.257100  0.266100
  0.727000  0.338148  0.309140   0.348171  0.116000  0.257900  0.265900
  0.728000  0.338369  0.317090   0.348224  0.117600  0.258700  0.265700
  0.729000  0.338600  0.324960   0.343947  0.119550  0.259450  0.265500
  0.730000  0.338832  0.332830   0.343663  0.121500  0.260200  0.265300
  0.731000  0.339171  0.340985   0.347166  0.123800  0.261000  0.265100
  0.732000  0.339509  0.349140   0.350005  0.126100  0.261800  0.264900
  0.733000  0.339732  0.356090   0.352190  0.128800  0.262500  0.264750
  0.734000  0.339956  0.363040   0.351484  0.131500  0.263200  0.264600
  0.735000  0.340109  0.369270   0.352486  0.134800  0.263850  0.264400
  0.736000  0.340263  0.375500   0.353689  0.138100  0.264500  0.264200
  0.737000  0.340683  0.381620   0.355354  0.142100  0.265150  0.264050
  0.738000  0.341103  0.387740   0.355354  0.146100  0.265800  0.263900
  0.739000  0.341412  0.393440   0.355354  0.151050  0.266450  0.263700
  0.740000  0.341721  0.399140   0.357033  0.156000  0.267100  0.263500
  0.741000  0.341939  0.404800   0.356796  0.161950  0.267650  0.263300
  0.742000  0.342157  0.410460   0.358025  0.167900  0.268200  0.263100
  0.743000  0.342486  0.415825   0.355405  0.175150  0.268750  0.262900
  0.744000  0.342816  0.421190   0.356839  0.182400  0.269300  0.262700
  0.745000  0.343058  0.425365   0.362351  0.191050  0.269750  0.262500
  0.746000  0.343301  0.429540   0.358510  0.199700  0.270200  0.262300
  0.747000  0.343530  0.433245   0.358274  0.209850  0.270650  0.262100
  0.748000  0.343760  0.436950   0.362110  0.220000  0.271100  0.261900
  0.749000  0.343934  0.440400   0.362824  0.231800  0.271500  0.261700
  0.750000  0.344108  0.443850   0.362832  0.243600  0.271900  0.261500
  0.751000  0.344447  0.446715   0.361878  0.256850  0.272250  0.261300
  0.752000  0.344787  0.449580   0.360908  0.270100  0.272600  0.261100
  0.753000  0.344990  0.451885   0.364511  0.284550  0.272900  0.260900
  0.754000  0.345193  0.454190   0.364513  0.299000  0.273200  0.260700
  0.755000  0.345443  0.456105   0.363787  0.314300  0.273500  0.260450
  0.756000  0.345693  0.458020   0.363787  0.329600  0.273800  0.260200
  0.757000  0.345984  0.459565   0.364992  0.345300  0.274000  0.260000
  0.758000  0.346274  0.461110   0.365231  0.361000  0.274200  0.259800
  0.759000  0.346509  0.462170   0.368596  0.376800  0.274350  0.259600
  0.760000  0.346743  0.463230   0.369060  0.392600  0.274500  0.259400
  0.761000  0.347076  0.464265   0.367856  0.407950  0.274700  0.259150
  0.762000  0.347409  0.465300   0.367137  0.423300  0.274900  0.258900
  0.763000  0.347542  0.466390   0.370242  0.437750  0.275000  0.258700
  0.764000  0.347676  0.467480   0.371210  0.452200  0.275100  0.258500
  0.765000  0.347899  0.468570   0.371453  0.465400  0.275150  0.258300
  0.766000  0.348123  0.469660   0.369301  0.478600  0.275200  0.258100
  0.767000  0.348337  0.470585   0.369060  0.490250  0.275200  0.257850
  0.768000  0.348551  0.471510   0.369760  0.501900  0.275200  0.257600
  0.769000  0.348761  0.472210   0.370213  0.512400  0.275200  0.257350
  0.770000  0.348971  0.472910   0.372385  0.522900  0.275200  0.257100
  0.771000  0.349208  0.473390   0.372385  0.532000  0.275200  0.256900
  0.772000  0.349445  0.473870   0.373577  0.541100  0.275200  0.256700
  0.773000  0.349666  0.474400   0.372640  0.548750  0.275100  0.256450
  0.774000  0.349886  0.474930   0.372882  0.556400  0.275000  0.256200
  0.775000  0.350027  0.475330   0.375515  0.563050  0.274900  0.256000
  0.776000  0.350168  0.475730   0.375229  0.569700  0.274800  0.255800
  0.777000  0.350334  0.475915   0.373334  0.575400  0.274700  0.255600
  0.778000  0.350501  0.476100   0.374065  0.581100  0.274600  0.255400
  0.779000  0.350675  0.476310   0.375229  0.585900  0.274400  0.255150
  0.780000  0.350849  0.476520   0.376710  0.590700  0.274200  0.254900
  0.781000  0.351017  0.476875   0.374055  0.594650  0.274050  0.254650
  0.782000  0.351185  0.477230   0.374985  0.598600  0.273900  0.254400
  0.783000  0.351393  0.477605   0.378385  0.601850  0.273700  0.254200
  0.784000  0.351600  0.477980   0.377400  0.605100  0.273500  0.254000
  0.785000  0.351845  0.478390   0.377609  0.607950  0.273200  0.253700
  0.786000  0.352090  0.478800   0.381025  0.610800  0.272900  0.253400
  0.787000  0.352253  0.479200   0.378385  0.613050  0.272650  0.253150
  0.788000  0.352417  0.479600   0.377609  0.615300  0.272400  0.252900
  0.789000  0.352668  0.479880   0.378839  0.617250  0.272100  0.252650
  0.790000  0.352920  0.480160   0.378063  0.619200  0.271800  0.252400
  0.791000  0.353029  0.480415   0.377364  0.620550  0.271550  0.252150
  0.792000  0.353138  0.480670   0.375506  0.621900  0.271300  0.251900
  0.793000  0.353245  0.481070   0.377170  0.622850  0.270950  0.251650
  0.794000  0.353353  0.481470   0.374082  0.623800  0.270600  0.251400
  0.795000  0.353570  0.481960   0.377415  0.624450  0.270250  0.251150
  0.796000  0.353786  0.482450   0.379100  0.625100  0.269900  0.250900
  0.797000  0.353922  0.482960   0.378610  0.625400  0.269550  0.250700
  0.798000  0.354057  0.483470   0.379970  0.625700  0.269200  0.250500
  0.799000  0.354224  0.483895   0.379986  0.626000  0.268850  0.250200
  0.800000  0.354390  0.484320   0.374004  0.626300  0.268500  0.249900
  0.804000  0.354939  0.485274   0.375904  0.624980  0.266940  0.248860
  0.808000  0.355488  0.486228   0.375147  0.623660  0.265380  0.247820
  0.812000  0.356038  0.487182   0.377259  0.622340  0.263820  0.246780
  0.816000  0.356587  0.488136   0.375103  0.621020  0.262260  0.245740
  0.820000  0.357136  0.489090   0.375100  0.619700  0.260700  0.244700
  0.824000  0.357476  0.490004   0.373449  0.616540  0.259340  0.243660
  0.828000  0.357816  0.490918   0.372943  0.613380  0.257980  0.242620
  0.832000  0.358157  0.491832   0.373860  0.610220  0.256620  0.241580
  0.836000  0.358497  0.492746   0.374644  0.607060  0.255260  0.240540
  0.840000  0.358837  0.493660   0.371743  0.603900  0.253900  0.239500
  0.844000  0.359116  0.494876   0.373449  0.600720  0.253160  0.238400
  0.848000  0.359394  0.496092   0.373500  0.597540  0.252420  0.237300
  0.852000  0.359673  0.497308   0.370894  0.594360  0.251680  0.236200
  0.856000  0.359951  0.498524   0.372362  0.591180  0.250940  0.235100
  0.860000  0.360230  0.499740   0.369832  0.588000  0.250200  0.234000
  0.864000  0.360481  0.500632   0.371457  0.585500  0.250420  0.232920
  0.868000  0.360732  0.501524   0.369225  0.583000  0.250640  0.231840
  0.872000  0.360982  0.502416   0.369225  0.580500  0.250860  0.230760
  0.876000  0.361233  0.503308   0.368622  0.578000  0.251080  0.229680
  0.880000  0.361484  0.504200   0.368244  0.575500  0.251300  0.228600
  0.884000  0.361831  0.504940   0.368465  0.575120  0.252580  0.227400
  0.888000  0.362177  0.505680   0.366249  0.574740  0.253860  0.226200
  0.892000  0.362524  0.506420   0.367054  0.574360  0.255140  0.225000
  0.896000  0.362870  0.507160   0.366136  0.573980  0.256420  0.223800
  0.900000  0.363217  0.507900   0.365704  0.573600  0.257700  0.222600
  0.904000  0.363662  0.508442   0.364198  0.574500  0.259580  0.220960
  0.908000  0.364107  0.508984   0.364925  0.575400  0.261460  0.219320
  0.912000  0.364553  0.509526   0.365866  0.576300  0.263340  0.217680
  0.916000  0.364998  0.510068   0.367022  0.577200  0.265220  0.216040
  0.920000  0.365443  0.510610   0.368035  0.578100  0.267100  0.214400
  0.924000  0.365893  0.509976   0.365090  0.580140  0.270000  0.212600
  0.928000  0.366343  0.509342   0.370556  0.582180  0.272900  0.210800
  0.932000  0.366793  0.508708   0.369837  0.584220  0.275800  0.209000
  0.936000  0.367243  0.508074   0.369620  0.586260  0.278700  0.207200
  0.940000  0.367693  0.507440   0.369586  0.588300  0.281600  0.205400
  0.944000  0.368136  0.505436   0.368937  0.590460  0.285500  0.203580
  0.948000  0.368579  0.503432   0.372799  0.592620  0.289400  0.201760
  0.952000  0.369023  0.501428   0.372619  0.594780  0.293300  0.199940
  0.956000  0.369466  0.499424   0.374334  0.596940  0.297200  0.198120
  0.960000  0.369909  0.497420   0.375266  0.599100  0.301100  0.196300
  0.964000  0.370371  0.496968   0.378400  0.601080  0.305880  0.194640
  0.968000  0.370833  0.496516   0.377127  0.603060  0.310660  0.192980
  0.972000  0.371296  0.496064   0.381891  0.605040  0.315440  0.191320
  0.976000  0.371758  0.495612   0.381056  0.607020  0.320220  0.189660
  0.980000  0.372220  0.495160   0.380835  0.609000  0.325000  0.188000
  0.984000  0.372633  0.496358   0.379121  0.611840  0.330260  0.186820
  0.988000  0.373046  0.497556   0.377713  0.614680  0.335520  0.185640
  0.992000  0.373458  0.498754   0.386368  0.617520  0.340780  0.184460
  0.996000  0.373871  0.499952   0.387063  0.620360  0.346040  0.183280
  1.000000  0.374284  0.501150   0.384808  0.623200  0.351300  0.182100
  1.004000  0.374679  0.502810   0.388043  0.627280  0.356700  0.181740
  1.008000  0.375074  0.504470   0.389408  0.631360  0.362100  0.181380
  1.012000  0.375469  0.506130   0.389673  0.635440  0.367500  0.181020
  1.016000  0.375864  0.507790   0.387179  0.639520  0.372900  0.180660
  1.020000  0.376259  0.509450   0.390792  0.643600  0.378300  0.180300
  1.024000  0.376728  0.511186   0.390568  0.648820  0.383440  0.181280
  1.028000  0.377197  0.512922   0.394670  0.654040  0.388580  0.182260
  1.032000  0.377666  0.514658   0.395807  0.659260  0.393720  0.183240
  1.036000  0.378135  0.516394   0.399155  0.664480  0.398860  0.184220
  1.040000  0.378604  0.518130   0.396717  0.669700  0.404000  0.185200
  1.044000  0.379191  0.519478   0.395584  0.674560  0.408700  0.187720
  1.048000  0.379778  0.520826   0.397849  0.679420  0.413400  0.190240
  1.052000  0.380364  0.522174   0.401848  0.684280  0.418100  0.192760
  1.056000  0.380951  0.523522   0.400110  0.689140  0.422800  0.195280
  1.060000  0.381538  0.524870   0.403732  0.694000  0.427500  0.197800
  1.064000  0.382188  0.524718   0.403943  0.696800  0.431740  0.201560
  1.068000  0.382838  0.524566   0.400774  0.699600  0.435980  0.205320
  1.072000  0.383487  0.524414   0.404319  0.702400  0.440220  0.209080
  1.076000  0.384137  0.524262   0.407973  0.705200  0.444460  0.212840
  1.080000  0.384787  0.524110   0.412695  0.708000  0.448700  0.216600
  1.084000  0.385615  0.523774   0.411417  0.713880  0.452640  0.221000
  1.088000  0.386443  0.523438   0.413826  0.719760  0.456580  0.225400
  1.092000  0.387271  0.523102   0.412180  0.725640  0.460520  0.229800
  1.096000  0.388099  0.522766   0.413962  0.731520  0.464460  0.234200
  1.100000  0.388927  0.522430   0.415088  0.737400  0.468400  0.238600
  1.104000  0.389758  0.521662   0.416922  0.745100  0.471960  0.243060
  1.108000  0.390588  0.520894   0.417043  0.752800  0.475520  0.247520
  1.112000  0.391419  0.520126   0.421054  0.760500  0.479080  0.251980
  1.116000  0.392249  0.519358   0.423369  0.768200  0.482640  0.256440
  1.120000  0.393080  0.518590   0.424407  0.775900  0.486200  0.260900
  1.124000  0.393597  0.515616   0.428193  0.778540  0.489340  0.265080
  1.128000  0.394114  0.512642   0.432701  0.781180  0.492480  0.269260
  1.132000  0.394632  0.509668   0.429472  0.783820  0.495620  0.273440
  1.136000  0.395149  0.506694   0.430851  0.786460  0.498760  0.277620
  1.140000  0.395666  0.503720   0.433097  0.789100  0.501900  0.281800
  1.144000  0.396348  0.498768   0.432502  0.788340  0.504580  0.285520
  1.148000  0.397031  0.493816   0.437500  0.787580  0.507260  0.289240
  1.152000  0.397713  0.488864   0.440729  0.786820  0.509940  0.292960
  1.156000  0.398396  0.483912   0.443319  0.786060  0.512620  0.296680
  1.160000  0.399078  0.478960   0.443683  0.785300  0.515300  0.300400
  1.164000  0.399776  0.476216   0.444656  0.783140  0.517560  0.303800
  1.168000  0.400474  0.473472   0.444771  0.780980  0.519820  0.307200
  1.172000  0.401171  0.470728   0.446724  0.778820  0.522080  0.310600
  1.176000  0.401869  0.467984   0.449178  0.776660  0.524340  0.314000
  1.180000  0.402567  0.465240   0.452251  0.774500  0.526600  0.317400
  1.184000  0.403006  0.465568   0.452640  0.772420  0.528220  0.320300
  1.188000  0.403446  0.465896   0.457687  0.770340  0.529840  0.323200
  1.192000  0.403885  0.466224   0.454758  0.768260  0.531460  0.326100
  1.196000  0.404325  0.466552   0.457007  0.766180  0.533080  0.329000
  1.200000  0.404764  0.466880   0.459741  0.764100  0.534700  0.331900
  1.204000  0.405363  0.468774   0.459484  0.765780  0.536060  0.334500
  1.208000  0.405962  0.470668   0.460078  0.767460  0.537420  0.337100
  1.212000  0.406562  0.472562   0.455984  0.769140  0.538780  0.339700
  1.216000  0.407161  0.474456   0.457844  0.770820  0.540140  0.342300
  1.220000  0.407760  0.476350   0.457428  0.772500  0.541500  0.344900
  1.224000  0.408540  0.478704   0.459319  0.776700  0.542560  0.347180
  1.228000  0.409320  0.481058   0.459913  0.780900  0.543620  0.349460
  1.232000  0.410100  0.483412   0.460694  0.785100  0.544680  0.351740
  1.236000  0.410880  0.485766   0.462992  0.789300  0.545740  0.354020
  1.240000  0.411660  0.488120   0.464693  0.793500  0.546800  0.356300
  1.244000  0.412272  0.488340   0.465019  0.796260  0.547680  0.358400
  1.248000  0.412884  0.488560   0.464235  0.799020  0.548560  0.360500
  1.252000  0.413495  0.488780   0.464094  0.801780  0.549440  0.362600
  1.256000  0.414107  0.489000   0.463648  0.804540  0.550320  0.364700
  1.260000  0.414719  0.489220   0.465605  0.807300  0.551200  0.366800
  1.264000  0.414917  0.488538   0.468404  0.809240  0.551840  0.368680
  1.268000  0.415114  0.487856   0.469565  0.811180  0.552480  0.370560
  1.272000  0.415312  0.487174   0.472467  0.813120  0.553120  0.372440
  1.276000  0.415509  0.486492   0.473348  0.815060  0.553760  0.374320
  1.280000  0.415707  0.485810   0.476687  0.817000  0.554400  0.376200
  1.284000  0.415930  0.483928   0.477585  0.818640  0.554860  0.377980
  1.288000  0.416152  0.482046   0.478770  0.820280  0.555320  0.379760
  1.292000  0.416375  0.480164   0.478800  0.821920  0.555780  0.381540
  1.296000  0.416597  0.478282   0.480530  0.823560  0.556240  0.383320
  1.300000  0.416820  0.476400   0.476993  0.825200  0.556700  0.385100
  1.304000  0.416800  0.471838   0.476471  0.824260  0.557000  0.386760
  1.308000  0.416780  0.467276   0.474791  0.823320  0.557300  0.388420
  1.312000  0.416761  0.462714   0.474015  0.822380  0.557600  0.390080
  1.316000  0.416741  0.458152   0.473756  0.821440  0.557900  0.391740
  1.320000  0.416721  0.453590   0.475429  0.820500  0.558200  0.393400
  1.324000  0.416922  0.446672   0.475950  0.815600  0.558340  0.395020
  1.328000  0.417123  0.439754   0.476944  0.810700  0.558480  0.396640
  1.332000  0.417324  0.432836   0.478917  0.805800  0.558620  0.398260
  1.336000  0.417525  0.425918   0.480019  0.800900  0.558760  0.399880
  1.340000  0.417726  0.419000   0.478482  0.796000  0.558900  0.401500
  1.344000  0.417189  0.413110   0.478034  0.788520  0.558920  0.402960
  1.348000  0.416652  0.407220   0.477458  0.781040  0.558940  0.404420
  1.352000  0.416114  0.401330   0.476106  0.773560  0.558960  0.405880
  1.356000  0.415577  0.395440   0.477094  0.766080  0.558980  0.407340
  1.360000  0.415040  0.389550   0.475236  0.758600  0.559000  0.408800
  1.364000  0.412943  0.377242   0.471862  0.752420  0.558860  0.410380
  1.368000  0.410847  0.364934   0.466425  0.746240  0.558720  0.411960
  1.372000  0.408750  0.352626   0.465214  0.740060  0.558580  0.413540
  1.376000  0.406654  0.340318   0.459352  0.733880  0.558440  0.415120
  1.380000  0.404557  0.328010   0.451191  0.727700  0.558300  0.416700
  1.384000  0.399616  0.308518   0.445568  0.718180  0.557520  0.418120
  1.388000  0.394675  0.289026   0.442505  0.708660  0.556740  0.419540
  1.392000  0.389735  0.269534   0.436349  0.699140  0.555960  0.420960
  1.396000  0.384794  0.250042   0.431984  0.689620  0.555180  0.422380
  1.400000  0.379853  0.230550   0.429683  0.680100  0.554400  0.423800
  1.404000  0.377605  0.218068   0.430522  0.665440  0.553920  0.425300
  1.408000  0.375358  0.205586   0.432012  0.650780  0.553440  0.426800
  1.412000  0.373110  0.193104   0.444722  0.636120  0.552960  0.428300
  1.416000  0.370863  0.180622   0.454831  0.621460  0.552480  0.429800
  1.420000  0.368615  0.168140   0.460347  0.606800  0.552000  0.431300
  1.424000  0.369721  0.164462   0.459765  0.598180  0.552800  0.432880
  1.428000  0.370826  0.160784   0.460837  0.589560  0.553600  0.434460
  1.432000  0.371932  0.157106   0.462100  0.580940  0.554400  0.436040
  1.436000  0.373037  0.153428   0.465351  0.572320  0.555200  0.437620
  1.440000  0.374143  0.149750   0.466170  0.563700  0.556000  0.439200
  1.444000  0.374966  0.149096   0.466959  0.561760  0.556400  0.440760
  1.448000  0.375788  0.148442   0.467644  0.559820  0.556800  0.442320
  1.452000  0.376611  0.147788   0.466163  0.557880  0.557200  0.443880
  1.456000  0.377433  0.147134   0.467574  0.555940  0.557600  0.445440
  1.460000  0.378256  0.146480   0.473134  0.554000  0.558000  0.447000
  1.464000  0.379514  0.148848   0.474420  0.554140  0.558300  0.448440
  1.468000  0.380772  0.151216   0.474452  0.554280  0.558600  0.449880
  1.472000  0.382029  0.153584   0.475349  0.554420  0.558900  0.451320
  1.476000  0.383287  0.155952   0.474484  0.554560  0.559200  0.452760
  1.480000  0.384545  0.158320   0.475772  0.554700  0.559500  0.454200
  1.484000  0.386014  0.162616   0.478675  0.556420  0.559760  0.455500
  1.488000  0.387482  0.166912   0.479526  0.558140  0.560020  0.456800
  1.492000  0.388951  0.171208   0.478888  0.559860  0.560280  0.458100
  1.496000  0.390419  0.175504   0.480819  0.561580  0.560540  0.459400
  1.500000  0.391888  0.179800   0.484772  0.563300  0.560800  0.460700
  1.504000  0.393150  0.185074   0.488585  0.565480  0.560980  0.462020
  1.508000  0.394412  0.190348   0.490172  0.567660  0.561160  0.463340
  1.512000  0.395674  0.195622   0.492552  0.569840  0.561340  0.464660
  1.516000  0.396936  0.200896   0.494332  0.572020  0.561520  0.465980
  1.520000  0.398198  0.206170   0.497018  0.574200  0.561700  0.467300
  1.524000  0.399193  0.211236   0.495711  0.575420  0.561820  0.468580
  1.528000  0.400188  0.216302   0.493061  0.576640  0.561940  0.469860
  1.532000  0.401184  0.221368   0.495919  0.577860  0.562060  0.471140
  1.536000  0.402179  0.226434   0.496975  0.579080  0.562180  0.472420
  1.540000  0.403174  0.231500   0.499435  0.580300  0.562300  0.473700
  1.544000  0.403941  0.235962   0.498090  0.581380  0.562460  0.474920
  1.548000  0.404708  0.240424   0.496429  0.582460  0.562620  0.476140
  1.552000  0.405475  0.244886   0.499069  0.583540  0.562780  0.477360
  1.556000  0.406242  0.249348   0.498877  0.584620  0.562940  0.478580
  1.560000  0.407009  0.253810   0.498358  0.585700  0.563100  0.479800
  1.564000  0.407653  0.258358   0.496499  0.586960  0.563300  0.480920
  1.568000  0.408297  0.262906   0.495951  0.588220  0.563500  0.482040
  1.572000  0.408940  0.267454   0.498303  0.589480  0.563700  0.483160
  1.576000  0.409584  0.272002   0.499600  0.590740  0.563900  0.484280
  1.580000  0.410228  0.276550   0.500426  0.592000  0.564100  0.485400
  1.584000  0.410769  0.279810   0.505150  0.594660  0.564300  0.486480
  1.588000  0.411311  0.283070   0.504425  0.597320  0.564500  0.487560
  1.592000  0.411852  0.286330   0.504968  0.599980  0.564700  0.488640
  1.596000  0.412394  0.289590   0.505513  0.602640  0.564900  0.489720
  1.600000  0.412935  0.292850   0.505991  0.605300  0.565100  0.490800
  1.604000  0.413183  0.295628   0.505288  0.609000  0.565340  0.491840
  1.608000  0.413432  0.298406   0.506229  0.612700  0.565580  0.492880
  1.612000  0.413680  0.301184   0.507518  0.616400  0.565820  0.493920
  1.616000  0.413929  0.303962   0.508297  0.620100  0.566060  0.494960
  1.620000  0.414177  0.306740   0.506955  0.623800  0.566300  0.496000
  1.624000  0.414289  0.309008   0.508336  0.625480  0.566520  0.497000
  1.628000  0.414401  0.311276   0.507518  0.627160  0.566740  0.498000
  1.632000  0.414512  0.313544   0.505382  0.628840  0.566960  0.499000
  1.636000  0.414624  0.315812   0.505080  0.630520  0.567180  0.500000
  1.640000  0.414736  0.318080   0.505350  0.632200  0.567400  0.501000
  1.644000  0.414791  0.318978   0.504272  0.629160  0.567480  0.502020
  1.648000  0.414846  0.319876   0.504572  0.626120  0.567560  0.503040
  1.652000  0.414902  0.320774   0.504033  0.623080  0.567640  0.504060
  1.656000  0.414957  0.321672   0.503226  0.620040  0.567720  0.505080
  1.660000  0.415012  0.322570   0.501087  0.617000  0.567800  0.506100
  1.664000  0.414953  0.323214   0.500046  0.613200  0.567780  0.506920
  1.668000  0.414893  0.323858   0.502690  0.609400  0.567760  0.507740
  1.672000  0.414834  0.324502   0.502930  0.605600  0.567740  0.508560
  1.676000  0.414774  0.325146   0.505789  0.601800  0.567720  0.509380
  1.680000  0.414715  0.325790   0.506610  0.598000  0.567700  0.510200
  1.684000  0.414301  0.325296   0.504180  0.593300  0.567900  0.511220
  1.688000  0.413888  0.324802   0.506796  0.588600  0.568100  0.512240
  1.692000  0.413474  0.324308   0.506259  0.583900  0.568300  0.513260
  1.696000  0.413061  0.323814   0.508837  0.579200  0.568500  0.514280
  1.700000  0.412647  0.323320   0.512847  0.574500  0.568700  0.515300
  1.704000  0.412094  0.321658   0.512796  0.569940  0.568820  0.516200
  1.708000  0.411541  0.319996   0.511095  0.565380  0.568940  0.517100
  1.712000  0.410987  0.318334   0.511410  0.560820  0.569060  0.518000
  1.716000  0.410434  0.316672   0.512540  0.556260  0.569180  0.518900
  1.720000  0.409881  0.315010   0.510859  0.551700  0.569300  0.519800
  1.724000  0.408949  0.312968   0.511724  0.552580  0.569100  0.520420
  1.728000  0.408017  0.310926   0.514711  0.553460  0.568900  0.521040
  1.732000  0.407084  0.308884   0.511088  0.554340  0.568700  0.521660
  1.736000  0.406152  0.306842   0.513721  0.555220  0.568500  0.522280
  1.740000  0.405220  0.304800   0.511771  0.556100  0.568300  0.522900
  1.744000  0.404329  0.301388   0.510686  0.556700  0.568020  0.523480
  1.748000  0.403438  0.297976   0.511536  0.557300  0.567740  0.524060
  1.752000  0.402547  0.294564   0.511361  0.557900  0.567460  0.524640
  1.756000  0.401656  0.291152   0.512232  0.558500  0.567180  0.525220
  1.760000  0.400765  0.287740   0.511957  0.559100  0.566900  0.525800
  1.764000  0.400110  0.285728   0.510318  0.560600  0.566800  0.526440
  1.768000  0.399455  0.283716   0.510816  0.562100  0.566700  0.527080
  1.772000  0.398799  0.281704   0.507065  0.563600  0.566600  0.527720
  1.776000  0.398144  0.279692   0.507065  0.565100  0.566500  0.528360
  1.780000  0.397489  0.277680   0.508148  0.566600  0.566400  0.529000
  1.784000  0.396853  0.277444   0.511487  0.567940  0.566280  0.529600
  1.788000  0.396216  0.277208   0.509523  0.569280  0.566160  0.530200
  1.792000  0.395580  0.276972   0.512894  0.570620  0.566040  0.530800
  1.796000  0.394943  0.276736   0.516672  0.571960  0.565920  0.531400
  1.800000  0.394307  0.276500   0.512252  0.573300  0.565800  0.532000
  1.804000  0.393641  0.275454   0.506690  0.574320  0.565560  0.532480
  1.808000  0.392974  0.274408   0.504355  0.575340  0.565320  0.532960
  1.812000  0.392308  0.273362   0.503558  0.576360  0.565080  0.533440
  1.816000  0.391641  0.272316   0.501469  0.577380  0.564840  0.533920
  1.820000  0.390975  0.271270   0.507954  0.578400  0.564600  0.534400
  1.824000  0.389842  0.268722   0.507493  0.580160  0.564220  0.534760
  1.828000  0.388709  0.266174   0.508461  0.581920  0.563840  0.535120
  1.832000  0.387577  0.263626   0.507858  0.583680  0.563460  0.535480
  1.836000  0.386444  0.261078   0.509546  0.585440  0.563080  0.535840
  1.840000  0.385311  0.258530   0.506808  0.587200  0.562700  0.536200
  1.844000  0.383292  0.250034   0.505080  0.587940  0.562280  0.536740
  1.848000  0.381273  0.241538   0.506880  0.588680  0.561860  0.537280
  1.852000  0.379253  0.233042   0.502593  0.589420  0.561440  0.537820
  1.856000  0.377234  0.224546   0.497652  0.590160  0.561020  0.538360
  1.860000  0.375215  0.216050   0.494614  0.590900  0.560600  0.538900
  1.864000  0.369019  0.199356   0.490793  0.584620  0.558860  0.539640
  1.868000  0.362823  0.182662   0.487385  0.578340  0.557120  0.540380
  1.872000  0.356628  0.165968   0.479937  0.572060  0.555380  0.541120
  1.876000  0.350432  0.149274   0.474075  0.565780  0.553640  0.541860
  1.880000  0.344236  0.132580   0.467542  0.559500  0.551900  0.542600
  1.884000  0.334152  0.120640   0.455063  0.541620  0.543400  0.543020
  1.888000  0.324067  0.108700   0.444337  0.523740  0.534900  0.543440
  1.892000  0.313982  0.096759   0.431154  0.505860  0.526400  0.543860
  1.896000  0.303897  0.084819   0.422729  0.487980  0.517900  0.544280
  1.900000  0.293813  0.072879   0.410881  0.470100  0.509400  0.544700
  1.904000  0.288905  0.068635   0.405964  0.454720  0.508460  0.544420
  1.908000  0.283997  0.064391   0.401688  0.439340  0.507520  0.544140
  1.912000  0.279088  0.060146   0.400412  0.423960  0.506580  0.543860
  1.916000  0.274180  0.055902   0.400690  0.408580  0.505640  0.543580
  1.920000  0.269272  0.051658   0.398700  0.393200  0.504700  0.543300
  1.924000  0.269207  0.051437   0.403520  0.392600  0.508160  0.543200
  1.928000  0.269143  0.051216   0.406390  0.392000  0.511620  0.543100
  1.932000  0.269078  0.050996   0.411110  0.391400  0.515080  0.543000
  1.936000  0.269014  0.050775   0.413634  0.390800  0.518540  0.542900
  1.940000  0.268949  0.050554   0.415766  0.390200  0.522000  0.542800
  1.944000  0.269964  0.051551   0.417969  0.395660  0.524600  0.543260
  1.948000  0.270980  0.052548   0.419583  0.401120  0.527200  0.543720
  1.952000  0.271995  0.053545   0.421997  0.406580  0.529800  0.544180
  1.956000  0.273011  0.054542   0.424405  0.412040  0.532400  0.544640
  1.960000  0.274026  0.055539   0.431600  0.417500  0.535000  0.545100
  1.964000  0.275529  0.057476   0.438001  0.423400  0.536880  0.545980
  1.968000  0.277033  0.059413   0.440058  0.429300  0.538760  0.546860
  1.972000  0.278536  0.061350   0.438274  0.435200  0.540640  0.547740
  1.976000  0.280040  0.063287   0.441906  0.441100  0.542520  0.548620
  1.980000  0.281543  0.065224   0.445835  0.447000  0.544400  0.549500
  1.984000  0.283161  0.066974   0.449911  0.450860  0.546200  0.550540
  1.988000  0.284779  0.068723   0.450051  0.454720  0.548000  0.551580
  1.992000  0.286398  0.070473   0.459961  0.458580  0.549800  0.552620
  1.996000  0.288016  0.072222   0.460734  0.462440  0.551600  0.553660
  2.000000  0.289634  0.073972   0.458141  0.466300  0.553400  0.554700
  2.004000  0.291629  0.076671   0.463733  0.465100  0.554520  0.555500
  2.008000  0.293624  0.079371   0.465318  0.463900  0.555640  0.556300
  2.012000  0.295620  0.082070   0.465640  0.462700  0.556760  0.557100
  2.016000  0.297615  0.084770   0.466650  0.461500  0.557880  0.557900
  2.020000  0.299610  0.087469   0.467731  0.460300  0.559000  0.558700
  2.024000  0.301073  0.089406   0.466241  0.454400  0.559320  0.559440
  2.028000  0.302536  0.091342   0.467282  0.448500  0.559640  0.560180
  2.032000  0.303998  0.093279   0.464596  0.442600  0.559960  0.560920
  2.036000  0.305461  0.095215   0.468317  0.436700  0.560280  0.561660
  2.040000  0.306924  0.097152   0.467835  0.430800  0.560600  0.562400
  2.044000  0.308087  0.099518   0.471322  0.424180  0.560660  0.562960
  2.048000  0.309250  0.101883   0.468354  0.417560  0.560720  0.563520
  2.052000  0.310413  0.104249   0.467634  0.410940  0.560780  0.564080
  2.056000  0.311576  0.106614   0.467912  0.404320  0.560840  0.564640
  2.060000  0.312739  0.108980   0.469939  0.397700  0.560900  0.565200
  2.064000  0.313531  0.111814   0.471625  0.393160  0.560980  0.565760
  2.068000  0.314323  0.114648   0.473620  0.388620  0.561060  0.566320
  2.072000  0.315116  0.117482   0.467519  0.384080  0.561140  0.566880
  2.076000  0.315908  0.120316   0.468025  0.379540  0.561220  0.567440
  2.080000  0.316700  0.123150   0.465900  0.375000  0.561300  0.568000
  2.084000  0.317064  0.125768   0.461708  0.373140  0.561600  0.568680
  2.088000  0.317428  0.128386   0.462740  0.371280  0.561900  0.569360
  2.092000  0.317792  0.131004   0.460143  0.369420  0.562200  0.570040
  2.096000  0.318156  0.133622   0.458634  0.367560  0.562500  0.570720
  2.100000  0.318520  0.136240   0.458984  0.365700  0.562800  0.571400
  2.104000  0.318643  0.138754   0.458436  0.365340  0.563240  0.572140
  2.108000  0.318765  0.141268   0.456675  0.364980  0.563680  0.572880
  2.112000  0.318888  0.143782   0.454739  0.364620  0.564120  0.573620
  2.116000  0.319010  0.146296   0.454471  0.364260  0.564560  0.574360
  2.120000  0.319133  0.148810   0.453786  0.363900  0.565000  0.575100
  2.124000  0.318714  0.150568   0.453395  0.364720  0.565080  0.575520
  2.128000  0.318295  0.152326   0.452818  0.365540  0.565160  0.575940
  2.132000  0.317875  0.154084   0.451532  0.366360  0.565240  0.576360
  2.136000  0.317456  0.155842   0.450946  0.367180  0.565320  0.576780
  2.140000  0.317037  0.157600   0.446819  0.368000  0.565400  0.577200
  2.144000  0.315970  0.158942   0.442980  0.371060  0.564960  0.576980
  2.148000  0.314904  0.160284   0.437048  0.374120  0.564520  0.576760
  2.152000  0.313837  0.161626   0.429264  0.377180  0.564080  0.576540
  2.156000  0.312771  0.162968   0.422666  0.380240  0.563640  0.576320
  2.160000  0.311704  0.164310   0.418536  0.383300  0.563200  0.576100
  2.164000  0.310677  0.165252   0.413683  0.387140  0.562840  0.576120
  2.168000  0.309650  0.166194   0.411404  0.390980  0.562480  0.576140
  2.172000  0.308622  0.167136   0.410565  0.394820  0.562120  0.576160
  2.176000  0.307595  0.168078   0.408286  0.398660  0.561760  0.576180
  2.180000  0.306568  0.169020   0.404704  0.402500  0.561400  0.576200
  2.184000  0.304517  0.169396   0.398422  0.404460  0.561100  0.576320
  2.188000  0.302466  0.169772   0.393246  0.406420  0.560800  0.576440
  2.192000  0.300414  0.170148   0.384484  0.408380  0.560500  0.576560
  2.196000  0.298363  0.170524   0.378624  0.410340  0.560200  0.576680
  2.200000  0.296312  0.170900   0.375205  0.412300  0.559900  0.576800
  2.204000  0.295146  0.171494   0.366890  0.411000  0.559520  0.576780
  2.208000  0.293981  0.172088   0.353318  0.409700  0.559140  0.576760
  2.212000  0.292815  0.172682   0.372480  0.408400  0.558760  0.576740
  2.216000  0.291650  0.173276   0.391816  0.407100  0.558380  0.576720
  2.220000  0.290484  0.173870   0.403484  0.405800  0.558000  0.576700
  2.224000  0.289394  0.173278   0.412875  0.397640  0.558060  0.576700
  2.228000  0.288304  0.172686   0.415845  0.389480  0.558120  0.576700
  2.232000  0.287214  0.172094   0.416176  0.381320  0.558180  0.576700
  2.236000  0.286124  0.171502   0.415257  0.373160  0.558240  0.576700
  2.240000  0.285034  0.170910   0.414397  0.365000  0.558300  0.576700
  2.244000  0.283537  0.169440   0.414128  0.357088  0.558637  0.575032
  2.248000  0.282040  0.167970   0.414885  0.349175  0.558974  0.573365
  2.252000  0.280544  0.166500   0.414494  0.341263  0.559312  0.571697
  2.256000  0.279047  0.165030   0.415259  0.333350  0.559649  0.570030
  2.260000  0.277550  0.163560   0.414143  0.325438  0.559986  0.568362
  2.264000  0.275318  0.161992   0.412635  0.318209  0.560376  0.567443
  2.268000  0.273086  0.160424   0.411929  0.310980  0.560767  0.566524
  2.272000  0.270855  0.158856   0.408791  0.303750  0.561157  0.565606
  2.276000  0.268623  0.157288   0.408228  0.296521  0.561548  0.564687
  2.280000  0.266391  0.155720   0.406447  0.289292  0.561938  0.563768
  2.284000  0.264556  0.153794   0.403723  0.285000  0.562042  0.563313
  2.288000  0.262721  0.151868   0.402231  0.280707  0.562147  0.562858
  2.292000  0.260887  0.149942   0.399568  0.276415  0.562251  0.562404
  2.296000  0.259052  0.148016   0.396456  0.272122  0.562356  0.561949
  2.300000  0.257217  0.146090   0.394499  0.267830  0.562460  0.561494
  2.304000  0.252404  0.143650   0.392835  0.267861  0.561954  0.562040
  2.308000  0.247592  0.141210   0.390929  0.267892  0.561448  0.562585
  2.312000  0.242779  0.138770   0.387262  0.267922  0.560942  0.563131
  2.316000  0.237967  0.136330   0.385086  0.267953  0.560436  0.563676
  2.320000  0.233154  0.133890   0.383056  0.267984  0.559930  0.564222
  2.324000  0.229995  0.131876   0.380519  0.267027  0.559901  0.564374
  2.328000  0.226835  0.129862   0.378320  0.266070  0.559872  0.564527
  2.332000  0.223676  0.127848   0.377853  0.265112  0.559844  0.564679
  2.336000  0.220516  0.125834   0.375758  0.264155  0.559815  0.564832
  2.340000  0.217357  0.123820   0.374049  0.263198  0.559786  0.564984
  2.344000  0.220856  0.122464   0.370628  0.263026  0.559057  0.565144
  2.348000  0.224355  0.121108   0.368062  0.262853  0.558328  0.565304
  2.352000  0.227854  0.119752   0.366807  0.262681  0.557598  0.565464
  2.356000  0.231353  0.118396   0.366323  0.262508  0.556869  0.565624
  2.360000  0.234852  0.117040   0.365876  0.262336  0.556140  0.565784
  2.364000  0.237851  0.114868   0.365951  0.262817  0.555541  0.566575
  2.368000  0.240850  0.112696   0.364699  0.263298  0.554942  0.567366
  2.372000  0.243850  0.110524   0.362831  0.263778  0.554342  0.568156
  2.376000  0.246849  0.108352   0.359497  0.264259  0.553743  0.568947
  2.380000  0.249848  0.106180   0.357069  0.264740  0.553144  0.569738
  2.384000  0.249002  0.104369   0.354715  0.265404  0.551050  0.570314
  2.388000  0.248156  0.102558   0.355440  0.266068  0.548955  0.570890
  2.392000  0.247310  0.100747   0.354389  0.266732  0.546861  0.571466
  2.396000  0.246464  0.098936   0.356162  0.267396  0.544766  0.572042
  2.400000  0.245618  0.097125   0.356434  0.268060  0.542672  0.572618
  2.404000  0.244071  0.095206   0.355437  0.266994  0.540715  0.572420
  2.408000  0.242525  0.093287   0.354663  0.265928  0.538758  0.572223
  2.412000  0.240978  0.091368   0.352954  0.264862  0.536802  0.572025
  2.416000  0.239432  0.089449   0.350167  0.263796  0.534845  0.571828
  2.420000  0.237885  0.087530   0.348959  0.262730  0.532888  0.571630
  2.424000  0.234881  0.085935   0.345649  0.259186  0.530298  0.571670
  2.428000  0.231876  0.084340   0.343561  0.255642  0.527708  0.571710
  2.432000  0.228872  0.082745   0.339519  0.252098  0.525118  0.571750
  2.436000  0.225867  0.081150   0.337175  0.248554  0.522528  0.571790
  2.440000  0.222863  0.079555   0.333681  0.245010  0.519938  0.571830
  2.444000  0.219739  0.077225   0.333487  0.241146  0.518173  0.571885
  2.448000  0.216615  0.074896   0.331577  0.237282  0.516408  0.571940
  2.452000  0.213492  0.072566   0.331228  0.233418  0.514642  0.571994
  2.456000  0.210368  0.070237   0.329652  0.229554  0.512877  0.572049
  2.460000  0.207244  0.067907   0.328540  0.225690  0.511112  0.572104
  2.464000  0.203269  0.066798   0.327389  0.222866  0.509082  0.571980
  2.468000  0.199294  0.065688   0.326715  0.220042  0.507051  0.571856
  2.472000  0.195319  0.064579   0.326262  0.217218  0.505021  0.571732
  2.476000  0.191344  0.063469   0.324032  0.214394  0.502990  0.571608
  2.480000  0.187369  0.062360   0.321644  0.211570  0.500960  0.571484
  2.484000  0.185611  0.062347   0.319721  0.211708  0.499900  0.571606
  2.488000  0.183853  0.062335   0.317705  0.211846  0.498840  0.571728
  2.492000  0.182095  0.062322   0.317782  0.211984  0.497780  0.571850
  2.496000  0.180337  0.062310   0.316657  0.212122  0.496720  0.571972
  2.500000  0.178579  0.062297   0.315927  0.212260  0.495660  0.572094
